1/4/24,01:43:15,2.943716,101.877703,2.943543,101.877769,159.14318544973625,168,8.85681455026375,9.8961,25.186500000000002
1/4/24,01:43:15,2.943716,101.877703,2.943543,101.877769,159.14318544973625,168,8.85681455026375,9.8961,25.186500000000002
1/4/24,01:43:15,2.943716,101.877703,2.943543,101.877769,159.14318544973625,168,8.85681455026375,9.8961,25.186500000000002
1/4/24,01:43:15,2.943716,101.877703,2.943543,101.877769,159.14318544973625,167,7.856814550263749,9.8961,25.186500000000002
1/4/24,01:43:16,2.943716,101.877704,2.943543,101.877769,159.43256503177864,166,6.567434968221363,14.1492,24.1284
1/4/24,01:43:16,2.943716,101.877704,2.943543,101.877769,159.43256503177864,164,4.567434968221363,14.1492,24.1284
1/4/24,01:43:16,2.943716,101.877704,2.943543,101.877769,159.43256503177864,166,6.567434968221363,14.1492,24.1284
1/4/24,01:43:16,2.943716,101.877704,2.943543,101.877769,159.43256503177864,164,4.567434968221363,14.1492,24.1284
1/4/24,01:43:16,2.943716,101.877704,2.943543,101.877769,159.43256503177864,165,5.567434968221363,14.1492,24.1284
1/4/24,01:43:16,2.943716,101.877704,2.943543,101.877769,159.43256503177864,163,3.567434968221363,24.8406,24.857100000000003
1/4/24,01:43:16,2.943716,101.877704,2.943543,101.877769,159.43256503177864,161,1.567434968221363,24.8406,24.857100000000003
1/4/24,01:43:16,2.943716,101.877704,2.943543,101.877769,159.43256503177864,163,3.567434968221363,24.8406,24.857100000000003
1/4/24,01:43:16,2.943716,101.877704,2.943543,101.877769,159.43256503177864,163,3.567434968221363,24.8406,24.857100000000003
1/4/24,01:43:16,2.943716,101.877704,2.943543,101.877769,159.43256503177864,162,2.567434968221363,24.8406,24.857100000000003
1/4/24,01:43:16,2.943716,101.877704,2.943543,101.877769,159.43256503177864,161,1.567434968221363,24.8406,24.857100000000003
1/4/24,01:43:16,2.943716,101.877704,2.943543,101.877769,159.43256503177864,161,1.567434968221363,24.8406,24.857100000000003
1/4/24,01:43:16,2.943716,101.877704,2.943543,101.877769,159.43256503177864,160,0.5674349682213631,24.8406,24.857100000000003
1/4/24,01:43:17,2.943713,101.877704,2.943543,101.877769,159.1007229434611,161,1.8992770565388923,24.8406,24.857100000000003
1/4/24,01:43:17,2.943713,101.877704,2.943543,101.877769,159.1007229434611,159,-0.10072294346110766,25.1052,25.1052
1/4/24,01:43:17,2.943713,101.877704,2.943543,101.877769,159.1007229434611,160,0.8992770565388923,24.8406,24.857100000000003
1/4/24,01:43:17,2.943713,101.877704,2.943543,101.877769,159.1007229434611,160,0.8992770565388923,24.8406,24.857100000000003
1/4/24,01:43:17,2.943713,101.877704,2.943543,101.877769,159.1007229434611,161,1.8992770565388923,24.8406,24.857100000000003
1/4/24,01:43:17,2.943713,101.877704,2.943543,101.877769,159.1007229434611,163,3.8992770565388923,14.1492,24.1284
1/4/24,01:43:17,2.943713,101.877704,2.943543,101.877769,159.1007229434611,161,1.8992770565388923,24.8406,24.857100000000003
1/4/24,01:43:17,2.943713,101.877704,2.943543,101.877769,159.1007229434611,161,1.8992770565388923,24.8406,24.857100000000003
1/4/24,01:43:17,2.943713,101.877704,2.943543,101.877769,159.1007229434611,160,0.8992770565388923,24.8406,24.857100000000003
1/4/24,01:43:17,2.943713,101.877704,2.943543,101.877769,159.1007229434611,161,1.8992770565388923,24.8406,24.857100000000003
1/4/24,01:43:17,2.943713,101.877704,2.943543,101.877769,159.1007229434611,161,1.8992770565388923,24.8406,24.857100000000003
1/4/24,01:43:17,2.943713,101.877704,2.943543,101.877769,159.1007229434611,163,3.8992770565388923,14.1492,24.1284
1/4/24,01:43:17,2.943713,101.877704,2.943543,101.877769,159.1007229434611,163,3.8992770565388923,14.1492,24.1284
1/4/24,01:43:18,2.94371,101.877705,2.943543,101.877769,159.05676017737306,161,1.9432398226269356,24.8406,24.857100000000003
1/4/24,01:43:18,2.94371,101.877705,2.943543,101.877769,159.05676017737306,160,0.9432398226269356,24.8406,24.857100000000003
1/4/24,01:43:18,2.94371,101.877705,2.943543,101.877769,159.05676017737306,159,-0.05676017737306438,25.1052,25.1052
1/4/24,01:43:18,2.94371,101.877705,2.943543,101.877769,159.05676017737306,159,-0.05676017737306438,25.1052,25.1052
1/4/24,01:43:18,2.94371,101.877705,2.943543,101.877769,159.05676017737306,158,-1.0567601773730644,25.1052,25.1052
1/4/24,01:43:18,2.94371,101.877705,2.943543,101.877769,159.05676017737306,162,2.9432398226269356,24.8406,24.857100000000003
1/4/24,01:43:18,2.94371,101.877705,2.943543,101.877769,159.05676017737306,160,0.9432398226269356,24.8406,24.857100000000003
1/4/24,01:43:18,2.94371,101.877705,2.943543,101.877769,159.05676017737306,160,0.9432398226269356,24.8406,24.857100000000003
1/4/24,01:43:18,2.94371,101.877705,2.943543,101.877769,159.05676017737306,161,1.9432398226269356,24.8406,24.857100000000003
1/4/24,01:43:18,2.94371,101.877705,2.943543,101.877769,159.05676017737306,162,2.9432398226269356,24.8406,24.857100000000003
1/4/24,01:43:18,2.94371,101.877705,2.943543,101.877769,159.05676017737306,161,1.9432398226269356,24.8406,24.857100000000003
1/4/24,01:43:18,2.94371,101.877705,2.943543,101.877769,159.05676017737306,161,1.9432398226269356,24.8406,24.857100000000003
1/4/24,01:43:18,2.94371,101.877705,2.943543,101.877769,159.05676017737306,161,1.9432398226269356,24.8406,24.857100000000003
1/4/24,01:43:19,2.943705,101.877707,2.943543,101.877769,159.08259183911775,162,2.917408160882246,24.8406,24.857100000000003
1/4/24,01:43:19,2.943705,101.877707,2.943543,101.877769,159.08259183911775,161,1.9174081608822462,24.8406,24.857100000000003
1/4/24,01:43:19,2.943705,101.877707,2.943543,101.877769,159.08259183911775,160,0.9174081608822462,24.8406,24.857100000000003
1/4/24,01:43:19,2.943705,101.877707,2.943543,101.877769,159.08259183911775,163,3.917408160882246,14.1492,24.1284
1/4/24,01:43:19,2.943705,101.877707,2.943543,101.877769,159.08259183911775,163,3.917408160882246,14.1492,24.1284
1/4/24,01:43:19,2.943705,101.877707,2.943543,101.877769,159.08259183911775,162,2.917408160882246,24.8406,24.857100000000003
1/4/24,01:43:19,2.943705,101.877707,2.943543,101.877769,159.08259183911775,162,2.917408160882246,24.8406,24.857100000000003
1/4/24,01:43:19,2.943705,101.877707,2.943543,101.877769,159.08259183911775,162,2.917408160882246,24.8406,24.857100000000003
1/4/24,01:43:19,2.943705,101.877707,2.943543,101.877769,159.08259183911775,164,4.917408160882246,14.1492,24.1284
1/4/24,01:43:19,2.943705,101.877707,2.943543,101.877769,159.08259183911775,164,4.917408160882246,14.1492,24.1284
1/4/24,01:43:19,2.943705,101.877707,2.943543,101.877769,159.08259183911775,165,5.917408160882246,14.1492,24.1284
1/4/24,01:43:19,2.943705,101.877707,2.943543,101.877769,159.08259183911775,163,3.917408160882246,14.1492,24.1284
1/4/24,01:43:19,2.943705,101.877707,2.943543,101.877769,159.08259183911775,162,2.917408160882246,24.8406,24.857100000000003
1/4/24,01:43:20,2.9437,101.877708,2.943543,101.877769,158.79263399155917,164,5.207366008440829,14.1492,24.1284
1/4/24,01:43:20,2.9437,101.877708,2.943543,101.877769,158.79263399155917,163,4.207366008440829,14.1492,24.1284
1/4/24,01:43:20,2.9437,101.877708,2.943543,101.877769,158.79263399155917,164,5.207366008440829,14.1492,24.1284
1/4/24,01:43:20,2.9437,101.877708,2.943543,101.877769,158.79263399155917,162,3.207366008440829,24.8406,24.857100000000003
1/4/24,01:43:20,2.9437,101.877708,2.943543,101.877769,158.79263399155917,163,4.207366008440829,14.1492,24.1284
1/4/24,01:43:20,2.9437,101.877708,2.943543,101.877769,158.79263399155917,164,5.207366008440829,14.1492,24.1284
1/4/24,01:43:20,2.9437,101.877708,2.943543,101.877769,158.79263399155917,163,4.207366008440829,14.1492,24.1284
1/4/24,01:43:20,2.9437,101.877708,2.943543,101.877769,158.79263399155917,163,4.207366008440829,14.1492,24.1284
1/4/24,01:43:20,2.9437,101.877708,2.943543,101.877769,158.79263399155917,163,4.207366008440829,14.1492,24.1284
1/4/24,01:43:20,2.9437,101.877708,2.943543,101.877769,158.79263399155917,163,4.207366008440829,14.1492,24.1284
1/4/24,01:43:20,2.9437,101.877708,2.943543,101.877769,158.79263399155917,162,3.207366008440829,24.8406,24.857100000000003
1/4/24,01:43:20,2.9437,101.877708,2.943543,101.877769,158.79263399155917,163,4.207366008440829,14.1492,24.1284
1/4/24,01:43:20,2.9437,101.877708,2.943543,101.877769,158.79263399155917,163,4.207366008440829,14.1492,24.1284
1/4/24,01:43:21,2.943695,101.87771,2.943543,101.877769,158.81139221164108,161,2.1886077883589223,24.8406,24.857100000000003
1/4/24,01:43:21,2.943695,101.87771,2.943543,101.877769,158.81139221164108,162,3.1886077883589223,24.8406,24.857100000000003
1/4/24,01:43:21,2.943695,101.87771,2.943543,101.877769,158.81139221164108,160,1.1886077883589223,24.8406,24.857100000000003
1/4/24,01:43:21,2.943695,101.87771,2.943543,101.877769,158.81139221164108,160,1.1886077883589223,24.8406,24.857100000000003
1/4/24,01:43:21,2.943695,101.87771,2.943543,101.877769,158.81139221164108,161,2.1886077883589223,24.8406,24.857100000000003
1/4/24,01:43:21,2.943695,101.87771,2.943543,101.877769,158.81139221164108,160,1.1886077883589223,24.8406,24.857100000000003
1/4/24,01:43:21,2.943695,101.87771,2.943543,101.877769,158.81139221164108,161,2.1886077883589223,24.8406,24.857100000000003
1/4/24,01:43:21,2.943695,101.87771,2.943543,101.877769,158.81139221164108,162,3.1886077883589223,24.8406,24.857100000000003
1/4/24,01:43:21,2.943695,101.87771,2.943543,101.877769,158.81139221164108,162,3.1886077883589223,24.8406,24.857100000000003
1/4/24,01:43:21,2.943695,101.87771,2.943543,101.877769,158.81139221164108,162,3.1886077883589223,24.8406,24.857100000000003
1/4/24,01:43:21,2.943695,101.87771,2.943543,101.877769,158.81139221164108,161,2.1886077883589223,24.8406,24.857100000000003
1/4/24,01:43:21,2.943695,101.87771,2.943543,101.877769,158.81139221164108,160,1.1886077883589223,24.8406,24.857100000000003
1/4/24,01:43:21,2.943695,101.87771,2.943543,101.877769,158.81139221164108,162,3.1886077883589223,24.8406,24.857100000000003
1/4/24,01:43:22,2.94369,101.877712,2.943543,101.877769,158.83143177573356,161,2.168568224266437,24.8406,24.857100000000003
1/4/24,01:43:22,2.94369,101.877712,2.943543,101.877769,158.83143177573356,161,2.168568224266437,24.8406,24.857100000000003
1/4/24,01:43:22,2.94369,101.877712,2.943543,101.877769,158.83143177573356,163,4.168568224266437,14.1492,24.1284
1/4/24,01:43:22,2.94369,101.877712,2.943543,101.877769,158.83143177573356,160,1.168568224266437,24.8406,24.857100000000003
1/4/24,01:43:22,2.94369,101.877712,2.943543,101.877769,158.83143177573356,161,2.168568224266437,24.8406,24.857100000000003
1/4/24,01:43:22,2.94369,101.877712,2.943543,101.877769,158.83143177573356,162,3.168568224266437,24.8406,24.857100000000003
1/4/24,01:43:22,2.94369,101.877712,2.943543,101.877769,158.83143177573356,161,2.168568224266437,24.8406,24.857100000000003
1/4/24,01:43:22,2.94369,101.877712,2.943543,101.877769,158.83143177573356,163,4.168568224266437,14.1492,24.1284
1/4/24,01:43:22,2.94369,101.877712,2.943543,101.877769,158.83143177573356,163,4.168568224266437,14.1492,24.1284
1/4/24,01:43:22,2.94369,101.877712,2.943543,101.877769,158.83143177573356,163,4.168568224266437,14.1492,24.1284
1/4/24,01:43:22,2.94369,101.877712,2.943543,101.877769,158.83143177573356,163,4.168568224266437,14.1492,24.1284
1/4/24,01:43:22,2.94369,101.877712,2.943543,101.877769,158.83143177573356,162,3.168568224266437,24.8406,24.857100000000003
1/4/24,01:43:22,2.94369,101.877712,2.943543,101.877769,158.83143177573356,164,5.168568224266437,14.1492,24.1284
1/4/24,01:43:23,2.943685,101.877714,2.943543,101.877769,158.8528885912899,163,4.147111408710089,14.1492,24.1284
1/4/24,01:43:23,2.943685,101.877714,2.943543,101.877769,158.8528885912899,162,3.1471114087100887,24.8406,24.857100000000003
1/4/24,01:43:23,2.943685,101.877714,2.943543,101.877769,158.8528885912899,160,1.1471114087100887,24.8406,24.857100000000003
1/4/24,01:43:23,2.943685,101.877714,2.943543,101.877769,158.8528885912899,161,2.1471114087100887,24.8406,24.857100000000003
1/4/24,01:43:23,2.943685,101.877714,2.943543,101.877769,158.8528885912899,162,3.1471114087100887,24.8406,24.857100000000003
1/4/24,01:43:23,2.943685,101.877714,2.943543,101.877769,158.8528885912899,160,1.1471114087100887,24.8406,24.857100000000003
1/4/24,01:43:23,2.943685,101.877714,2.943543,101.877769,158.8528885912899,160,1.1471114087100887,24.8406,24.857100000000003
1/4/24,01:43:23,2.943685,101.877714,2.943543,101.877769,158.8528885912899,161,2.1471114087100887,24.8406,24.857100000000003
1/4/24,01:43:23,2.943685,101.877714,2.943543,101.877769,158.8528885912899,160,1.1471114087100887,24.8406,24.857100000000003
1/4/24,01:43:23,2.943685,101.877714,2.943543,101.877769,158.8528885912899,162,3.1471114087100887,24.8406,24.857100000000003
1/4/24,01:43:23,2.943685,101.877714,2.943543,101.877769,158.8528885912899,163,4.147111408710089,14.1492,24.1284
1/4/24,01:43:23,2.943685,101.877714,2.943543,101.877769,158.8528885912899,162,3.1471114087100887,24.8406,24.857100000000003
1/4/24,01:43:23,2.943685,101.877714,2.943543,101.877769,158.8528885912899,162,3.1471114087100887,24.8406,24.857100000000003
1/4/24,01:43:24,2.94368,101.877716,2.943543,101.877769,158.8759185250969,161,2.1240814749031074,24.8406,24.857100000000003
1/4/24,01:43:24,2.94368,101.877716,2.943543,101.877769,158.8759185250969,162,3.1240814749031074,24.8406,24.857100000000003
1/4/24,01:43:24,2.94368,101.877716,2.943543,101.877769,158.8759185250969,161,2.1240814749031074,24.8406,24.857100000000003
1/4/24,01:43:24,2.94368,101.877716,2.943543,101.877769,158.8759185250969,162,3.1240814749031074,24.8406,24.857100000000003
1/4/24,01:43:24,2.94368,101.877716,2.943543,101.877769,158.8759185250969,162,3.1240814749031074,24.8406,24.857100000000003
1/4/24,01:43:24,2.94368,101.877716,2.943543,101.877769,158.8759185250969,162,3.1240814749031074,24.8406,24.857100000000003
1/4/24,01:43:24,2.94368,101.877716,2.943543,101.877769,158.8759185250969,163,4.124081474903107,14.1492,24.1284
1/4/24,01:43:24,2.94368,101.877716,2.943543,101.877769,158.8759185250969,163,4.124081474903107,14.1492,24.1284
1/4/24,01:43:24,2.94368,101.877716,2.943543,101.877769,158.8759185250969,163,4.124081474903107,14.1492,24.1284
1/4/24,01:43:24,2.94368,101.877716,2.943543,101.877769,158.8759185250969,163,4.124081474903107,14.1492,24.1284
1/4/24,01:43:24,2.94368,101.877716,2.943543,101.877769,158.8759185250969,162,3.1240814749031074,24.8406,24.857100000000003
1/4/24,01:43:24,2.94368,101.877716,2.943543,101.877769,158.8759185250969,163,4.124081474903107,14.1492,24.1284
1/4/24,01:43:24,2.94368,101.877716,2.943543,101.877769,158.8759185250969,162,3.1240814749031074,24.8406,24.857100000000003
1/4/24,01:43:25,2.943675,101.877717,2.943543,101.877769,158.5243519250502,163,4.475648074949788,14.1492,24.1284
1/4/24,01:43:25,2.943675,101.877717,2.943543,101.877769,158.5243519250502,162,3.4756480749497882,24.8406,24.857100000000003
1/4/24,01:43:25,2.943675,101.877717,2.943543,101.877769,158.5243519250502,162,3.4756480749497882,24.8406,24.857100000000003
1/4/24,01:43:25,2.943675,101.877717,2.943543,101.877769,158.5243519250502,160,1.4756480749497882,24.8406,24.857100000000003
1/4/24,01:43:25,2.943675,101.877717,2.943543,101.877769,158.5243519250502,161,2.4756480749497882,24.8406,24.857100000000003
1/4/24,01:43:25,2.943675,101.877717,2.943543,101.877769,158.5243519250502,161,2.4756480749497882,24.8406,24.857100000000003
1/4/24,01:43:25,2.943675,101.877717,2.943543,101.877769,158.5243519250502,162,3.4756480749497882,24.8406,24.857100000000003
1/4/24,01:43:25,2.943675,101.877717,2.943543,101.877769,158.5243519250502,162,3.4756480749497882,24.8406,24.857100000000003
1/4/24,01:43:25,2.943675,101.877717,2.943543,101.877769,158.5243519250502,162,3.4756480749497882,24.8406,24.857100000000003
1/4/24,01:43:25,2.943675,101.877717,2.943543,101.877769,158.5243519250502,162,3.4756480749497882,24.8406,24.857100000000003
1/4/24,01:43:25,2.943675,101.877717,2.943543,101.877769,158.5243519250502,162,3.4756480749497882,24.8406,24.857100000000003
1/4/24,01:43:25,2.943675,101.877717,2.943543,101.877769,158.5243519250502,162,3.4756480749497882,24.8406,24.857100000000003
1/4/24,01:43:25,2.943675,101.877717,2.943543,101.877769,158.5243519250502,161,2.4756480749497882,24.8406,24.857100000000003
1/4/24,01:43:26,2.94367,101.877719,2.943543,101.877769,158.5361759238439,162,3.4638240761561008,24.8406,24.857100000000003
1/4/24,01:43:26,2.94367,101.877719,2.943543,101.877769,158.5361759238439,162,3.4638240761561008,24.8406,24.857100000000003
1/4/24,01:43:26,2.94367,101.877719,2.943543,101.877769,158.5361759238439,162,3.4638240761561008,24.8406,24.857100000000003
1/4/24,01:43:26,2.94367,101.877719,2.943543,101.877769,158.5361759238439,164,5.463824076156101,14.1492,24.1284
1/4/24,01:43:26,2.94367,101.877719,2.943543,101.877769,158.5361759238439,162,3.4638240761561008,24.8406,24.857100000000003
1/4/24,01:43:26,2.94367,101.877719,2.943543,101.877769,158.5361759238439,163,4.463824076156101,14.1492,24.1284
1/4/24,01:43:26,2.94367,101.877719,2.943543,101.877769,158.5361759238439,164,5.463824076156101,14.1492,24.1284
1/4/24,01:43:26,2.94367,101.877719,2.943543,101.877769,158.5361759238439,163,4.463824076156101,14.1492,24.1284
1/4/24,01:43:26,2.94367,101.877719,2.943543,101.877769,158.5361759238439,163,4.463824076156101,14.1492,24.1284
1/4/24,01:43:26,2.94367,101.877719,2.943543,101.877769,158.5361759238439,163,4.463824076156101,14.1492,24.1284
1/4/24,01:43:26,2.94367,101.877719,2.943543,101.877769,158.5361759238439,161,2.4638240761561008,24.8406,24.857100000000003
1/4/24,01:43:26,2.94367,101.877719,2.943543,101.877769,158.5361759238439,161,2.4638240761561008,24.8406,24.857100000000003
1/4/24,01:43:26,2.94367,101.877719,2.943543,101.877769,158.5361759238439,163,4.463824076156101,14.1492,24.1284
1/4/24,01:43:27,2.943665,101.877721,2.943543,101.877769,158.54897127255333,161,2.451028727446669,24.8406,24.857100000000003
1/4/24,01:43:27,2.943665,101.877721,2.943543,101.877769,158.54897127255333,161,2.451028727446669,24.8406,24.857100000000003
1/4/24,01:43:27,2.943665,101.877721,2.943543,101.877769,158.54897127255333,161,2.451028727446669,24.8406,24.857100000000003
1/4/24,01:43:27,2.943665,101.877721,2.943543,101.877769,158.54897127255333,160,1.451028727446669,24.8406,24.857100000000003
1/4/24,01:43:27,2.943665,101.877721,2.943543,101.877769,158.54897127255333,160,1.451028727446669,24.8406,24.857100000000003
1/4/24,01:43:27,2.943665,101.877721,2.943543,101.877769,158.54897127255333,161,2.451028727446669,24.8406,24.857100000000003
1/4/24,01:43:27,2.943665,101.877721,2.943543,101.877769,158.54897127255333,160,1.451028727446669,24.8406,24.857100000000003
1/4/24,01:43:27,2.943665,101.877721,2.943543,101.877769,158.54897127255333,160,1.451028727446669,24.8406,24.857100000000003
1/4/24,01:43:27,2.943665,101.877721,2.943543,101.877769,158.54897127255333,160,1.451028727446669,24.8406,24.857100000000003
1/4/24,01:43:27,2.943665,101.877721,2.943543,101.877769,158.54897127255333,162,3.451028727446669,24.8406,24.857100000000003
1/4/24,01:43:27,2.943665,101.877721,2.943543,101.877769,158.54897127255333,161,2.451028727446669,24.8406,24.857100000000003
1/4/24,01:43:27,2.943665,101.877721,2.943543,101.877769,158.54897127255333,162,3.451028727446669,24.8406,24.857100000000003
1/4/24,01:43:27,2.943665,101.877721,2.943543,101.877769,158.54897127255333,160,1.451028727446669,24.8406,24.857100000000003
1/4/24,01:43:28,2.94366,101.877723,2.943543,101.877769,158.56286279619735,161,2.4371372038026493,24.8406,24.857100000000003
1/4/24,01:43:28,2.94366,101.877723,2.943543,101.877769,158.56286279619735,160,1.4371372038026493,24.8406,24.857100000000003
1/4/24,01:43:28,2.94366,101.877723,2.943543,101.877769,158.56286279619735,162,3.4371372038026493,24.8406,24.857100000000003
1/4/24,01:43:28,2.94366,101.877723,2.943543,101.877769,158.56286279619735,161,2.4371372038026493,24.8406,24.857100000000003
1/4/24,01:43:28,2.94366,101.877723,2.943543,101.877769,158.56286279619735,160,1.4371372038026493,24.8406,24.857100000000003
1/4/24,01:43:28,2.94366,101.877723,2.943543,101.877769,158.56286279619735,161,2.4371372038026493,24.8406,24.857100000000003
1/4/24,01:43:28,2.94366,101.877723,2.943543,101.877769,158.56286279619735,161,2.4371372038026493,24.8406,24.857100000000003
1/4/24,01:43:28,2.94366,101.877723,2.943543,101.877769,158.56286279619735,163,4.437137203802649,14.1492,24.1284
1/4/24,01:43:28,2.94366,101.877723,2.943543,101.877769,158.56286279619735,162,3.4371372038026493,24.8406,24.857100000000003
1/4/24,01:43:28,2.94366,101.877723,2.943543,101.877769,158.56286279619735,161,2.4371372038026493,24.8406,24.857100000000003
1/4/24,01:43:28,2.94366,101.877723,2.943543,101.877769,158.56286279619735,161,2.4371372038026493,24.8406,24.857100000000003
1/4/24,01:43:28,2.94366,101.877723,2.943543,101.877769,158.56286279619735,161,2.4371372038026493,24.8406,24.857100000000003
1/4/24,01:43:28,2.94366,101.877723,2.943543,101.877769,158.56286279619735,161,2.4371372038026493,24.8406,24.857100000000003
1/4/24,01:43:29,2.943655,101.877725,2.943543,101.877769,158.57799764765863,162,3.422002352341366,24.8406,24.857100000000003
1/4/24,01:43:29,2.943655,101.877725,2.943543,101.877769,158.57799764765863,161,2.422002352341366,24.8406,24.857100000000003
1/4/24,01:43:29,2.943655,101.877725,2.943543,101.877769,158.57799764765863,163,4.422002352341366,14.1492,24.1284
1/4/24,01:43:29,2.943655,101.877725,2.943543,101.877769,158.57799764765863,161,2.422002352341366,24.8406,24.857100000000003
1/4/24,01:43:29,2.943655,101.877725,2.943543,101.877769,158.57799764765863,162,3.422002352341366,24.8406,24.857100000000003
1/4/24,01:43:29,2.943655,101.877725,2.943543,101.877769,158.57799764765863,162,3.422002352341366,24.8406,24.857100000000003
1/4/24,01:43:29,2.943655,101.877725,2.943543,101.877769,158.57799764765863,161,2.422002352341366,24.8406,24.857100000000003
1/4/24,01:43:29,2.943655,101.877725,2.943543,101.877769,158.57799764765863,161,2.422002352341366,24.8406,24.857100000000003
1/4/24,01:43:29,2.943655,101.877725,2.943543,101.877769,158.57799764765863,163,4.422002352341366,14.1492,24.1284
1/4/24,01:43:29,2.943655,101.877725,2.943543,101.877769,158.57799764765863,162,3.422002352341366,24.8406,24.857100000000003
1/4/24,01:43:29,2.943655,101.877725,2.943543,101.877769,158.57799764765863,162,3.422002352341366,24.8406,24.857100000000003
1/4/24,01:43:29,2.943655,101.877725,2.943543,101.877769,158.57799764765863,162,3.422002352341366,24.8406,24.857100000000003
1/4/24,01:43:29,2.943655,101.877725,2.943543,101.877769,158.57799764765863,161,2.422002352341366,24.8406,24.857100000000003
1/4/24,01:43:30,2.94365,101.877726,2.943543,101.877769,158.13248893720902,161,2.8675110627909817,24.8406,24.857100000000003
1/4/24,01:43:30,2.94365,101.877726,2.943543,101.877769,158.13248893720902,162,3.8675110627909817,14.1492,24.1284
1/4/24,01:43:30,2.94365,101.877726,2.943543,101.877769,158.13248893720902,161,2.8675110627909817,24.8406,24.857100000000003
1/4/24,01:43:30,2.94365,101.877726,2.943543,101.877769,158.13248893720902,163,4.867511062790982,14.1492,24.1284
1/4/24,01:43:30,2.94365,101.877726,2.943543,101.877769,158.13248893720902,162,3.8675110627909817,14.1492,24.1284
1/4/24,01:43:30,2.94365,101.877726,2.943543,101.877769,158.13248893720902,161,2.8675110627909817,24.8406,24.857100000000003
1/4/24,01:43:30,2.94365,101.877726,2.943543,101.877769,158.13248893720902,163,4.867511062790982,14.1492,24.1284
1/4/24,01:43:30,2.94365,101.877726,2.943543,101.877769,158.13248893720902,161,2.8675110627909817,24.8406,24.857100000000003
1/4/24,01:43:30,2.94365,101.877726,2.943543,101.877769,158.13248893720902,161,2.8675110627909817,24.8406,24.857100000000003
1/4/24,01:43:30,2.94365,101.877726,2.943543,101.877769,158.13248893720902,161,2.8675110627909817,24.8406,24.857100000000003
1/4/24,01:43:30,2.94365,101.877726,2.943543,101.877769,158.13248893720902,160,1.8675110627909817,24.8406,24.857100000000003
1/4/24,01:43:30,2.94365,101.877726,2.943543,101.877769,158.13248893720902,162,3.8675110627909817,14.1492,24.1284
1/4/24,01:43:30,2.94365,101.877726,2.943543,101.877769,158.13248893720902,161,2.8675110627909817,24.8406,24.857100000000003
1/4/24,01:43:31,2.943646,101.877729,2.943543,101.877769,158.80185978219725,162,3.198140217802745,24.8406,24.857100000000003
1/4/24,01:43:31,2.943646,101.877729,2.943543,101.877769,158.80185978219725,159,0.19814021780274516,24.8406,24.857100000000003
1/4/24,01:43:31,2.943646,101.877729,2.943543,101.877769,158.80185978219725,160,1.1981402178027452,24.8406,24.857100000000003
1/4/24,01:43:31,2.943646,101.877729,2.943543,101.877769,158.80185978219725,161,2.198140217802745,24.8406,24.857100000000003
1/4/24,01:43:31,2.943646,101.877729,2.943543,101.877769,158.80185978219725,160,1.1981402178027452,24.8406,24.857100000000003
1/4/24,01:43:31,2.943646,101.877729,2.943543,101.877769,158.80185978219725,160,1.1981402178027452,24.8406,24.857100000000003
1/4/24,01:43:31,2.943646,101.877729,2.943543,101.877769,158.80185978219725,160,1.1981402178027452,24.8406,24.857100000000003
1/4/24,01:43:31,2.943646,101.877729,2.943543,101.877769,158.80185978219725,160,1.1981402178027452,24.8406,24.857100000000003
1/4/24,01:43:31,2.943646,101.877729,2.943543,101.877769,158.80185978219725,162,3.198140217802745,24.8406,24.857100000000003
1/4/24,01:43:31,2.943646,101.877729,2.943543,101.877769,158.80185978219725,161,2.198140217802745,24.8406,24.857100000000003
1/4/24,01:43:31,2.943646,101.877729,2.943543,101.877769,158.80185978219725,162,3.198140217802745,24.8406,24.857100000000003
1/4/24,01:43:31,2.943646,101.877729,2.943543,101.877769,158.80185978219725,162,3.198140217802745,24.8406,24.857100000000003
1/4/24,01:43:31,2.943646,101.877729,2.943543,101.877769,158.80185978219725,162,3.198140217802745,24.8406,24.857100000000003
1/4/24,01:43:32,2.943641,101.87773,2.943543,101.877769,158.3254404873976,163,4.6745595126024,14.1492,24.1284
1/4/24,01:43:32,2.943641,101.87773,2.943543,101.877769,158.3254404873976,162,3.6745595126024,14.1492,24.1284
1/4/24,01:43:32,2.943641,101.87773,2.943543,101.877769,158.3254404873976,163,4.6745595126024,14.1492,24.1284
1/4/24,01:43:32,2.943641,101.87773,2.943543,101.877769,158.3254404873976,162,3.6745595126024,14.1492,24.1284
1/4/24,01:43:32,2.943641,101.87773,2.943543,101.877769,158.3254404873976,162,3.6745595126024,14.1492,24.1284
1/4/24,01:43:32,2.943641,101.87773,2.943543,101.877769,158.3254404873976,162,3.6745595126024,14.1492,24.1284
1/4/24,01:43:32,2.943641,101.87773,2.943543,101.877769,158.3254404873976,160,1.6745595126024,24.8406,24.857100000000003
1/4/24,01:43:32,2.943641,101.87773,2.943543,101.877769,158.3254404873976,159,0.6745595126024,24.8406,24.857100000000003
1/4/24,01:43:32,2.943641,101.87773,2.943543,101.877769,158.3254404873976,161,2.6745595126024,24.8406,24.857100000000003
1/4/24,01:43:32,2.943641,101.87773,2.943543,101.877769,158.3254404873976,160,1.6745595126024,24.8406,24.857100000000003
1/4/24,01:43:32,2.943641,101.87773,2.943543,101.877769,158.3254404873976,160,1.6745595126024,24.8406,24.857100000000003
1/4/24,01:43:32,2.943641,101.87773,2.943543,101.877769,158.3254404873976,160,1.6745595126024,24.8406,24.857100000000003
1/4/24,01:43:32,2.943641,101.87773,2.943543,101.877769,158.3254404873976,160,1.6745595126024,24.8406,24.857100000000003
1/4/24,01:43:33,2.943636,101.877732,2.943543,101.877769,158.33086246150688,160,1.6691375384931177,24.8406,24.857100000000003
1/4/24,01:43:33,2.943636,101.877732,2.943543,101.877769,158.33086246150688,160,1.6691375384931177,24.8406,24.857100000000003
1/4/24,01:43:33,2.943636,101.877732,2.943543,101.877769,158.33086246150688,161,2.6691375384931177,24.8406,24.857100000000003
1/4/24,01:43:33,2.943636,101.877732,2.943543,101.877769,158.33086246150688,162,3.6691375384931177,14.1492,24.1284
1/4/24,01:43:33,2.943636,101.877732,2.943543,101.877769,158.33086246150688,162,3.6691375384931177,14.1492,24.1284
1/4/24,01:43:33,2.943636,101.877732,2.943543,101.877769,158.33086246150688,161,2.6691375384931177,24.8406,24.857100000000003
1/4/24,01:43:33,2.943636,101.877732,2.943543,101.877769,158.33086246150688,161,2.6691375384931177,24.8406,24.857100000000003
1/4/24,01:43:33,2.943636,101.877732,2.943543,101.877769,158.33086246150688,161,2.6691375384931177,24.8406,24.857100000000003
1/4/24,01:43:33,2.943636,101.877732,2.943543,101.877769,158.33086246150688,162,3.6691375384931177,14.1492,24.1284
1/4/24,01:43:33,2.943636,101.877732,2.943543,101.877769,158.33086246150688,161,2.6691375384931177,24.8406,24.857100000000003
1/4/24,01:43:33,2.943636,101.877732,2.943543,101.877769,158.33086246150688,160,1.6691375384931177,24.8406,24.857100000000003
1/4/24,01:43:33,2.943636,101.877732,2.943543,101.877769,158.33086246150688,162,3.6691375384931177,14.1492,24.1284
1/4/24,01:43:33,2.943636,101.877732,2.943543,101.877769,158.33086246150688,162,3.6691375384931177,14.1492,24.1284
1/4/24,01:43:34,2.943631,101.877735,2.943543,101.877769,158.90070032048726,160,1.0992996795127397,24.8406,24.857100000000003
1/4/24,01:43:34,2.943631,101.877735,2.943543,101.877769,158.90070032048726,162,3.0992996795127397,24.8406,24.857100000000003
1/4/24,01:43:34,2.943631,101.877735,2.943543,101.877769,158.90070032048726,159,0.09929967951273966,24.8406,24.857100000000003
1/4/24,01:43:34,2.943631,101.877735,2.943543,101.877769,158.90070032048726,160,1.0992996795127397,24.8406,24.857100000000003
1/4/24,01:43:34,2.943631,101.877735,2.943543,101.877769,158.90070032048726,159,0.09929967951273966,24.8406,24.857100000000003
1/4/24,01:43:34,2.943631,101.877735,2.943543,101.877769,158.90070032048726,159,0.09929967951273966,24.8406,24.857100000000003
1/4/24,01:43:34,2.943631,101.877735,2.943543,101.877769,158.90070032048726,159,0.09929967951273966,24.8406,24.857100000000003
1/4/24,01:43:34,2.943631,101.877735,2.943543,101.877769,158.90070032048726,159,0.09929967951273966,24.8406,24.857100000000003
1/4/24,01:43:34,2.943631,101.877735,2.943543,101.877769,158.90070032048726,160,1.0992996795127397,24.8406,24.857100000000003
1/4/24,01:43:34,2.943631,101.877735,2.943543,101.877769,158.90070032048726,160,1.0992996795127397,24.8406,24.857100000000003
1/4/24,01:43:34,2.943631,101.877735,2.943543,101.877769,158.90070032048726,158,-0.9007003204872603,25.1052,25.1052
1/4/24,01:43:34,2.943631,101.877735,2.943543,101.877769,158.90070032048726,158,-0.9007003204872603,25.1052,25.1052
1/4/24,01:43:34,2.943631,101.877735,2.943543,101.877769,158.90070032048726,159,0.09929967951273966,24.8406,24.857100000000003
1/4/24,01:43:35,2.943626,101.877737,2.943543,101.877769,158.94162472900868,159,0.058375270991319894,24.8406,24.857100000000003
1/4/24,01:43:35,2.943626,101.877737,2.943543,101.877769,158.94162472900868,159,0.058375270991319894,24.8406,24.857100000000003
1/4/24,01:43:35,2.943626,101.877737,2.943543,101.877769,158.94162472900868,159,0.058375270991319894,24.8406,24.857100000000003
1/4/24,01:43:35,2.943626,101.877737,2.943543,101.877769,158.94162472900868,161,2.05837527099132,24.8406,24.857100000000003
1/4/24,01:43:35,2.943626,101.877737,2.943543,101.877769,158.94162472900868,161,2.05837527099132,24.8406,24.857100000000003
1/4/24,01:43:35,2.943626,101.877737,2.943543,101.877769,158.94162472900868,160,1.05837527099132,24.8406,24.857100000000003
1/4/24,01:43:35,2.943626,101.877737,2.943543,101.877769,158.94162472900868,160,1.05837527099132,24.8406,24.857100000000003
1/4/24,01:43:35,2.943626,101.877737,2.943543,101.877769,158.94162472900868,160,1.05837527099132,24.8406,24.857100000000003
1/4/24,01:43:35,2.943626,101.877737,2.943543,101.877769,158.94162472900868,161,2.05837527099132,24.8406,24.857100000000003
1/4/24,01:43:35,2.943626,101.877737,2.943543,101.877769,158.94162472900868,160,1.05837527099132,24.8406,24.857100000000003
1/4/24,01:43:35,2.943626,101.877737,2.943543,101.877769,158.94162472900868,160,1.05837527099132,24.8406,24.857100000000003
1/4/24,01:43:35,2.943626,101.877737,2.943543,101.877769,158.94162472900868,158,-0.9416247290086801,25.1052,25.1052
1/4/24,01:43:35,2.943626,101.877737,2.943543,101.877769,158.94162472900868,160,1.05837527099132,24.8406,24.857100000000003
1/4/24,01:43:36,2.943621,101.877739,2.943543,101.877769,158.98782291401417,160,1.012177085985826,24.8406,24.857100000000003
1/4/24,01:43:36,2.943621,101.877739,2.943543,101.877769,158.98782291401417,161,2.012177085985826,24.8406,24.857100000000003
1/4/24,01:43:36,2.943621,101.877739,2.943543,101.877769,158.98782291401417,160,1.012177085985826,24.8406,24.857100000000003
1/4/24,01:43:36,2.943621,101.877739,2.943543,101.877769,158.98782291401417,159,0.012177085985825897,24.8406,24.857100000000003
1/4/24,01:43:36,2.943621,101.877739,2.943543,101.877769,158.98782291401417,161,2.012177085985826,24.8406,24.857100000000003
1/4/24,01:43:36,2.943621,101.877739,2.943543,101.877769,158.98782291401417,161,2.012177085985826,24.8406,24.857100000000003
1/4/24,01:43:36,2.943621,101.877739,2.943543,101.877769,158.98782291401417,160,1.012177085985826,24.8406,24.857100000000003
1/4/24,01:43:36,2.943621,101.877739,2.943543,101.877769,158.98782291401417,160,1.012177085985826,24.8406,24.857100000000003
1/4/24,01:43:36,2.943621,101.877739,2.943543,101.877769,158.98782291401417,161,2.012177085985826,24.8406,24.857100000000003
1/4/24,01:43:36,2.943621,101.877739,2.943543,101.877769,158.98782291401417,161,2.012177085985826,24.8406,24.857100000000003
1/4/24,01:43:36,2.943621,101.877739,2.943543,101.877769,158.98782291401417,161,2.012177085985826,24.8406,24.857100000000003
1/4/24,01:43:36,2.943621,101.877739,2.943543,101.877769,158.98782291401417,160,1.012177085985826,24.8406,24.857100000000003
1/4/24,01:43:36,2.943621,101.877739,2.943543,101.877769,158.98782291401417,161,2.012177085985826,24.8406,24.857100000000003
1/4/24,01:43:37,2.943616,101.877741,2.943543,101.877769,159.04038440677442,161,1.9596155932255783,24.8406,24.857100000000003
1/4/24,01:43:37,2.943616,101.877741,2.943543,101.877769,159.04038440677442,162,2.9596155932255783,24.8406,24.857100000000003
1/4/24,01:43:37,2.943616,101.877741,2.943543,101.877769,159.04038440677442,162,2.9596155932255783,24.8406,24.857100000000003
1/4/24,01:43:37,2.943616,101.877741,2.943543,101.877769,159.04038440677442,161,1.9596155932255783,24.8406,24.857100000000003
1/4/24,01:43:37,2.943616,101.877741,2.943543,101.877769,159.04038440677442,160,0.9596155932255783,24.8406,24.857100000000003
1/4/24,01:43:37,2.943616,101.877741,2.943543,101.877769,159.04038440677442,161,1.9596155932255783,24.8406,24.857100000000003
1/4/24,01:43:37,2.943616,101.877741,2.943543,101.877769,159.04038440677442,162,2.9596155932255783,24.8406,24.857100000000003
1/4/24,01:43:37,2.943616,101.877741,2.943543,101.877769,159.04038440677442,162,2.9596155932255783,24.8406,24.857100000000003
1/4/24,01:43:37,2.943616,101.877741,2.943543,101.877769,159.04038440677442,161,1.9596155932255783,24.8406,24.857100000000003
1/4/24,01:43:37,2.943616,101.877741,2.943543,101.877769,159.04038440677442,162,2.9596155932255783,24.8406,24.857100000000003
1/4/24,01:43:37,2.943616,101.877741,2.943543,101.877769,159.04038440677442,162,2.9596155932255783,24.8406,24.857100000000003
1/4/24,01:43:37,2.943616,101.877741,2.943543,101.877769,159.04038440677442,162,2.9596155932255783,24.8406,24.857100000000003
1/4/24,01:43:37,2.943616,101.877741,2.943543,101.877769,159.04038440677442,162,2.9596155932255783,24.8406,24.857100000000003
1/4/24,01:43:38,2.943611,101.877743,2.943543,101.877769,159.10072106257783,162,2.8992789374221672,24.8406,24.857100000000003
1/4/24,01:43:38,2.943611,101.877743,2.943543,101.877769,159.10072106257783,162,2.8992789374221672,24.8406,24.857100000000003
1/4/24,01:43:38,2.943611,101.877743,2.943543,101.877769,159.10072106257783,164,4.899278937422167,14.1492,24.1284
1/4/24,01:43:38,2.943611,101.877743,2.943543,101.877769,159.10072106257783,162,2.8992789374221672,24.8406,24.857100000000003
1/4/24,01:43:38,2.943611,101.877743,2.943543,101.877769,159.10072106257783,160,0.8992789374221672,24.8406,24.857100000000003
1/4/24,01:43:38,2.943611,101.877743,2.943543,101.877769,159.10072106257783,161,1.8992789374221672,24.8406,24.857100000000003
1/4/24,01:43:38,2.943611,101.877743,2.943543,101.877769,159.10072106257783,161,1.8992789374221672,24.8406,24.857100000000003
1/4/24,01:43:38,2.943611,101.877743,2.943543,101.877769,159.10072106257783,163,3.8992789374221672,14.1492,24.1284
1/4/24,01:43:38,2.943611,101.877743,2.943543,101.877769,159.10072106257783,162,2.8992789374221672,24.8406,24.857100000000003
1/4/24,01:43:38,2.943611,101.877743,2.943543,101.877769,159.10072106257783,162,2.8992789374221672,24.8406,24.857100000000003
1/4/24,01:43:38,2.943611,101.877743,2.943543,101.877769,159.10072106257783,162,2.8992789374221672,24.8406,24.857100000000003
1/4/24,01:43:38,2.943611,101.877743,2.943543,101.877769,159.10072106257783,161,1.8992789374221672,24.8406,24.857100000000003
1/4/24,01:43:38,2.943611,101.877743,2.943543,101.877769,159.10072106257783,163,3.8992789374221672,14.1492,24.1284
1/4/24,01:43:39,2.943606,101.877744,2.943543,101.877769,158.38148755755614,163,4.618512442443858,14.1492,24.1284
1/4/24,01:43:39,2.943606,101.877744,2.943543,101.877769,158.38148755755614,164,5.618512442443858,14.1492,24.1284
1/4/24,01:43:39,2.943606,101.877744,2.943543,101.877769,158.38148755755614,163,4.618512442443858,14.1492,24.1284
1/4/24,01:43:39,2.943606,101.877744,2.943543,101.877769,158.38148755755614,164,5.618512442443858,14.1492,24.1284
1/4/24,01:43:39,2.943606,101.877744,2.943543,101.877769,158.38148755755614,163,4.618512442443858,14.1492,24.1284
1/4/24,01:43:39,2.943606,101.877744,2.943543,101.877769,158.38148755755614,164,5.618512442443858,14.1492,24.1284
1/4/24,01:43:39,2.943606,101.877744,2.943543,101.877769,158.38148755755614,163,4.618512442443858,14.1492,24.1284
1/4/24,01:43:39,2.943606,101.877744,2.943543,101.877769,158.38148755755614,162,3.6185124424438584,14.1492,24.1284
1/4/24,01:43:39,2.943606,101.877744,2.943543,101.877769,158.38148755755614,164,5.618512442443858,14.1492,24.1284
1/4/24,01:43:39,2.943606,101.877744,2.943543,101.877769,158.38148755755614,163,4.618512442443858,14.1492,24.1284
1/4/24,01:43:39,2.943606,101.877744,2.943543,101.877769,158.38148755755614,162,3.6185124424438584,14.1492,24.1284
1/4/24,01:43:39,2.943606,101.877744,2.943543,101.877769,158.38148755755614,161,2.6185124424438584,24.8406,24.857100000000003
1/4/24,01:43:39,2.943606,101.877744,2.943543,101.877769,158.38148755755614,163,4.618512442443858,14.1492,24.1284
1/4/24,01:43:40,2.943601,101.877746,2.943543,101.877769,158.39502273989248,161,2.6049772601075176,24.8406,24.857100000000003
1/4/24,01:43:40,2.943601,101.877746,2.943543,101.877769,158.39502273989248,160,1.6049772601075176,24.8406,24.857100000000003
1/4/24,01:43:40,2.943601,101.877746,2.943543,101.877769,158.39502273989248,160,1.6049772601075176,24.8406,24.857100000000003
1/4/24,01:43:40,2.943601,101.877746,2.943543,101.877769,158.39502273989248,160,1.6049772601075176,24.8406,24.857100000000003
1/4/24,01:43:40,2.943601,101.877746,2.943543,101.877769,158.39502273989248,162,3.6049772601075176,14.1492,24.1284
1/4/24,01:43:40,2.943601,101.877746,2.943543,101.877769,158.39502273989248,161,2.6049772601075176,24.8406,24.857100000000003
1/4/24,01:43:40,2.943601,101.877746,2.943543,101.877769,158.39502273989248,161,2.6049772601075176,24.8406,24.857100000000003
1/4/24,01:43:40,2.943601,101.877746,2.943543,101.877769,158.39502273989248,163,4.604977260107518,14.1492,24.1284
1/4/24,01:43:40,2.943601,101.877746,2.943543,101.877769,158.39502273989248,163,4.604977260107518,14.1492,24.1284
1/4/24,01:43:40,2.943601,101.877746,2.943543,101.877769,158.39502273989248,165,6.604977260107518,14.1492,24.1284
1/4/24,01:43:40,2.943601,101.877746,2.943543,101.877769,158.39502273989248,164,5.604977260107518,14.1492,24.1284
1/4/24,01:43:40,2.943601,101.877746,2.943543,101.877769,158.39502273989248,164,5.604977260107518,14.1492,24.1284
1/4/24,01:43:40,2.943601,101.877746,2.943543,101.877769,158.39502273989248,163,4.604977260107518,14.1492,24.1284
1/4/24,01:43:41,2.943597,101.877747,2.943543,101.877769,157.8600739327318,164,6.139926067268192,14.1492,24.1284
1/4/24,01:43:41,2.943597,101.877747,2.943543,101.877769,157.8600739327318,163,5.139926067268192,14.1492,24.1284
1/4/24,01:43:41,2.943597,101.877747,2.943543,101.877769,157.8600739327318,163,5.139926067268192,14.1492,24.1284
1/4/24,01:43:41,2.943597,101.877747,2.943543,101.877769,157.8600739327318,163,5.139926067268192,14.1492,24.1284
1/4/24,01:43:41,2.943597,101.877747,2.943543,101.877769,157.8600739327318,163,5.139926067268192,14.1492,24.1284
1/4/24,01:43:41,2.943597,101.877747,2.943543,101.877769,157.8600739327318,162,4.139926067268192,14.1492,24.1284
1/4/24,01:43:41,2.943597,101.877747,2.943543,101.877769,157.8600739327318,163,5.139926067268192,14.1492,24.1284
1/4/24,01:43:41,2.943597,101.877747,2.943543,101.877769,157.8600739327318,162,4.139926067268192,14.1492,24.1284
1/4/24,01:43:41,2.943597,101.877747,2.943543,101.877769,157.8600739327318,163,5.139926067268192,14.1492,24.1284
1/4/24,01:43:41,2.943597,101.877747,2.943543,101.877769,157.8600739327318,163,5.139926067268192,14.1492,24.1284
1/4/24,01:43:41,2.943597,101.877747,2.943543,101.877769,157.8600739327318,164,6.139926067268192,14.1492,24.1284
1/4/24,01:43:41,2.943597,101.877747,2.943543,101.877769,157.8600739327318,163,5.139926067268192,14.1492,24.1284
1/4/24,01:43:41,2.943597,101.877747,2.943543,101.877769,157.8600739327318,163,5.139926067268192,14.1492,24.1284
1/4/24,01:43:42,2.943593,101.877748,2.943543,101.877769,157.2445896055775,163,5.755410394422512,14.1492,24.1284
1/4/24,01:43:42,2.943593,101.877748,2.943543,101.877769,157.2445896055775,162,4.755410394422512,14.1492,24.1284
1/4/24,01:43:42,2.943593,101.877748,2.943543,101.877769,157.2445896055775,162,4.755410394422512,14.1492,24.1284
1/4/24,01:43:42,2.943593,101.877748,2.943543,101.877769,157.2445896055775,162,4.755410394422512,14.1492,24.1284
1/4/24,01:43:42,2.943593,101.877748,2.943543,101.877769,157.2445896055775,163,5.755410394422512,14.1492,24.1284
1/4/24,01:43:42,2.943593,101.877748,2.943543,101.877769,157.2445896055775,163,5.755410394422512,14.1492,24.1284
1/4/24,01:43:42,2.943593,101.877748,2.943543,101.877769,157.2445896055775,163,5.755410394422512,14.1492,24.1284
1/4/24,01:43:42,2.943593,101.877748,2.943543,101.877769,157.2445896055775,163,5.755410394422512,14.1492,24.1284
1/4/24,01:43:42,2.943593,101.877748,2.943543,101.877769,157.2445896055775,162,4.755410394422512,14.1492,24.1284
1/4/24,01:43:42,2.943593,101.877748,2.943543,101.877769,157.2445896055775,162,4.755410394422512,14.1492,24.1284
1/4/24,01:43:42,2.943593,101.877748,2.943543,101.877769,157.2445896055775,162,4.755410394422512,14.1492,24.1284
1/4/24,01:43:42,2.943593,101.877748,2.943543,101.877769,157.2445896055775,162,4.755410394422512,14.1492,24.1284
1/4/24,01:43:42,2.943593,101.877748,2.943543,101.877769,157.2445896055775,162,4.755410394422512,14.1492,24.1284
1/4/24,01:43:43,2.943588,101.877749,2.943543,101.877769,156.06557390324213,163,6.934426096757875,14.1492,24.1284
1/4/24,01:43:43,2.943588,101.877749,2.943543,101.877769,156.06557390324213,162,5.934426096757875,14.1492,24.1284
1/4/24,01:43:43,2.943588,101.877749,2.943543,101.877769,156.06557390324213,164,7.934426096757875,9.8961,25.186500000000002
1/4/24,01:43:43,2.943588,101.877749,2.943543,101.877769,156.06557390324213,162,5.934426096757875,14.1492,24.1284
1/4/24,01:43:43,2.943588,101.877749,2.943543,101.877769,156.06557390324213,162,5.934426096757875,14.1492,24.1284
1/4/24,01:43:43,2.943588,101.877749,2.943543,101.877769,156.06557390324213,163,6.934426096757875,14.1492,24.1284
1/4/24,01:43:43,2.943588,101.877749,2.943543,101.877769,156.06557390324213,162,5.934426096757875,14.1492,24.1284
1/4/24,01:43:43,2.943588,101.877749,2.943543,101.877769,156.06557390324213,163,6.934426096757875,14.1492,24.1284
1/4/24,01:43:43,2.943588,101.877749,2.943543,101.877769,156.06557390324213,164,7.934426096757875,9.8961,25.186500000000002
1/4/24,01:43:43,2.943588,101.877749,2.943543,101.877769,156.06557390324213,162,5.934426096757875,14.1492,24.1284
1/4/24,01:43:43,2.943588,101.877749,2.943543,101.877769,156.06557390324213,164,7.934426096757875,9.8961,25.186500000000002
1/4/24,01:43:43,2.943588,101.877749,2.943543,101.877769,156.06557390324213,163,6.934426096757875,14.1492,24.1284
1/4/24,01:43:43,2.943588,101.877749,2.943543,101.877769,156.06557390324213,164,7.934426096757875,9.8961,25.186500000000002
1/4/24,01:43:44,2.943584,101.877751,2.943543,101.877769,156.32518579990784,163,6.6748142000921575,14.1492,24.1284
1/4/24,01:43:44,2.943584,101.877751,2.943543,101.877769,156.32518579990784,163,6.6748142000921575,14.1492,24.1284
1/4/24,01:43:44,2.943584,101.877751,2.943543,101.877769,156.32518579990784,163,6.6748142000921575,14.1492,24.1284
1/4/24,01:43:44,2.943584,101.877751,2.943543,101.877769,156.32518579990784,164,7.6748142000921575,9.8961,25.186500000000002
1/4/24,01:43:44,2.943584,101.877751,2.943543,101.877769,156.32518579990784,163,6.6748142000921575,14.1492,24.1284
1/4/24,01:43:44,2.943584,101.877751,2.943543,101.877769,156.32518579990784,164,7.6748142000921575,9.8961,25.186500000000002
1/4/24,01:43:44,2.943584,101.877751,2.943543,101.877769,156.32518579990784,163,6.6748142000921575,14.1492,24.1284
1/4/24,01:43:44,2.943584,101.877751,2.943543,101.877769,156.32518579990784,163,6.6748142000921575,14.1492,24.1284
1/4/24,01:43:44,2.943584,101.877751,2.943543,101.877769,156.32518579990784,164,7.6748142000921575,9.8961,25.186500000000002
1/4/24,01:43:44,2.943584,101.877751,2.943543,101.877769,156.32518579990784,164,7.6748142000921575,9.8961,25.186500000000002
1/4/24,01:43:44,2.943584,101.877751,2.943543,101.877769,156.32518579990784,163,6.6748142000921575,14.1492,24.1284
1/4/24,01:43:44,2.943584,101.877751,2.943543,101.877769,156.32518579990784,162,5.6748142000921575,14.1492,24.1284
1/4/24,01:43:44,2.943584,101.877751,2.943543,101.877769,156.32518579990784,161,4.6748142000921575,14.1492,24.1284
1/4/24,01:43:45,2.94358,101.877752,2.943543,101.877769,155.3518228685441,162,6.6481771314558955,14.1363,24.114900000000002
1/4/24,01:43:45,2.94358,101.877752,2.943543,101.877769,155.3518228685441,163,7.6481771314558955,9.895499999999998,25.1862
1/4/24,01:43:45,2.94358,101.877752,2.943543,101.877769,155.3518228685441,162,6.6481771314558955,14.1363,24.114900000000002
1/4/24,01:43:45,2.94358,101.877752,2.943543,101.877769,155.3518228685441,162,6.6481771314558955,14.1363,24.114900000000002
1/4/24,01:43:45,2.94358,101.877752,2.943543,101.877769,155.3518228685441,161,5.6481771314558955,14.1363,24.114900000000002
1/4/24,01:43:45,2.94358,101.877752,2.943543,101.877769,155.3518228685441,162,6.6481771314558955,14.1363,24.114900000000002
1/4/24,01:43:45,2.94358,101.877752,2.943543,101.877769,155.3518228685441,162,6.6481771314558955,14.1363,24.114900000000002
1/4/24,01:43:45,2.94358,101.877752,2.943543,101.877769,155.3518228685441,162,6.6481771314558955,14.1363,24.114900000000002
1/4/24,01:43:45,2.94358,101.877752,2.943543,101.877769,155.3518228685441,162,6.6481771314558955,14.1363,24.114900000000002
1/4/24,01:43:45,2.94358,101.877752,2.943543,101.877769,155.3518228685441,162,6.6481771314558955,14.1363,24.114900000000002
1/4/24,01:43:45,2.94358,101.877752,2.943543,101.877769,155.3518228685441,163,7.6481771314558955,9.895499999999998,25.1862
1/4/24,01:43:45,2.94358,101.877752,2.943543,101.877769,155.3518228685441,162,6.6481771314558955,14.1363,24.114900000000002
1/4/24,01:43:45,2.94358,101.877752,2.943543,101.877769,155.3518228685441,162,6.6481771314558955,14.1363,24.114900000000002
1/4/24,01:43:46,2.943577,101.877754,2.943543,101.877769,156.22198020140598,161,4.778019798594016,11.3349,22.6479
1/4/24,01:43:46,2.943577,101.877754,2.943543,101.877769,156.22198020140598,163,6.778019798594016,11.3349,22.6479
1/4/24,01:43:46,2.943577,101.877754,2.943543,101.877769,156.22198020140598,161,4.778019798594016,11.3349,22.6479
1/4/24,01:43:46,2.943577,101.877754,2.943543,101.877769,156.22198020140598,162,5.778019798594016,11.3349,22.6479
1/4/24,01:43:46,2.943577,101.877754,2.943543,101.877769,156.22198020140598,164,7.778019798594016,9.7392,25.0311
1/4/24,01:43:46,2.943577,101.877754,2.943543,101.877769,156.22198020140598,162,5.778019798594016,11.3349,22.6479
1/4/24,01:43:46,2.943577,101.877754,2.943543,101.877769,156.22198020140598,163,6.778019798594016,11.3349,22.6479
1/4/24,01:43:46,2.943577,101.877754,2.943543,101.877769,156.22198020140598,161,4.778019798594016,11.3349,22.6479
1/4/24,01:43:46,2.943577,101.877754,2.943543,101.877769,156.22198020140598,163,6.778019798594016,11.3349,22.6479
1/4/24,01:43:46,2.943577,101.877754,2.943543,101.877769,156.22198020140598,161,4.778019798594016,11.3349,22.6479
1/4/24,01:43:46,2.943577,101.877754,2.943543,101.877769,156.22198020140598,161,4.778019798594016,11.3349,22.6479
1/4/24,01:43:46,2.943577,101.877754,2.943543,101.877769,156.22198020140598,161,4.778019798594016,11.3349,22.6479
1/4/24,01:43:46,2.943577,101.877754,2.943543,101.877769,156.22198020140598,162,5.778019798594016,11.3349,22.6479
1/4/24,01:43:47,2.943572,101.877755,2.943543,101.877769,154.2602768478574,162,7.739723152142602,7.3497,22.6461
1/4/24,01:43:47,2.943572,101.877755,2.943543,101.877769,154.2602768478574,161,6.739723152142602,9.519,21.7173
1/4/24,01:43:47,2.943572,101.877755,2.943543,101.877769,154.2602768478574,162,7.739723152142602,7.3497,22.6461
1/4/24,01:43:47,2.943572,101.877755,2.943543,101.877769,154.2602768478574,163,8.739723152142602,7.3497,22.6461
1/4/24,01:43:47,2.943572,101.877755,2.943543,101.877769,154.2602768478574,161,6.739723152142602,9.519,21.7173
1/4/24,01:43:47,2.943572,101.877755,2.943543,101.877769,154.2602768478574,162,7.739723152142602,7.3497,22.6461
1/4/24,01:43:47,2.943572,101.877755,2.943543,101.877769,154.2602768478574,162,7.739723152142602,7.3497,22.6461
1/4/24,01:43:47,2.943572,101.877755,2.943543,101.877769,154.2602768478574,161,6.739723152142602,9.519,21.7173
1/4/24,01:43:47,2.943572,101.877755,2.943543,101.877769,154.2602768478574,162,7.739723152142602,7.3497,22.6461
1/4/24,01:43:47,2.943572,101.877755,2.943543,101.877769,154.2602768478574,162,7.739723152142602,7.3497,22.6461
1/4/24,01:43:47,2.943572,101.877755,2.943543,101.877769,154.2602768478574,162,7.739723152142602,7.3497,22.6461
1/4/24,01:43:47,2.943572,101.877755,2.943543,101.877769,154.2602768478574,161,6.739723152142602,9.519,21.7173
1/4/24,01:43:47,2.943572,101.877755,2.943543,101.877769,154.2602768478574,161,6.739723152142602,9.519,21.7173
1/4/24,01:43:48,2.943568,101.877756,2.943543,101.877769,152.5565201639625,161,8.443479836037511,7.3491,22.641000000000002
1/4/24,01:43:48,2.943568,101.877756,2.943543,101.877769,152.5565201639625,161,8.443479836037511,7.3491,22.641000000000002
1/4/24,01:43:48,2.943568,101.877756,2.943543,101.877769,152.5565201639625,161,8.443479836037511,7.3491,22.641000000000002
1/4/24,01:43:48,2.943568,101.877756,2.943543,101.877769,152.5565201639625,160,7.443479836037511,7.3491,22.641000000000002
1/4/24,01:43:48,2.943568,101.877756,2.943543,101.877769,152.5565201639625,161,8.443479836037511,7.3491,22.641000000000002
1/4/24,01:43:48,2.943568,101.877756,2.943543,101.877769,152.5565201639625,160,7.443479836037511,7.3491,22.641000000000002
1/4/24,01:43:48,2.943568,101.877756,2.943543,101.877769,152.5565201639625,160,7.443479836037511,7.3491,22.641000000000002
1/4/24,01:43:48,2.943568,101.877756,2.943543,101.877769,152.5565201639625,159,6.443479836037511,9.5124,21.5172
1/4/24,01:43:48,2.943568,101.877756,2.943543,101.877769,152.5565201639625,159,6.443479836037511,9.5124,21.5172
1/4/24,01:43:48,2.943568,101.877756,2.943543,101.877769,152.5565201639625,159,6.443479836037511,9.5124,21.5172
1/4/24,01:43:48,2.943568,101.877756,2.943543,101.877769,152.5565201639625,159,6.443479836037511,9.5124,21.5172
1/4/24,01:43:48,2.943568,101.877756,2.943543,101.877769,152.5565201639625,158,5.443479836037511,9.5124,21.5172
1/4/24,01:43:48,2.943568,101.877756,2.943543,101.877769,152.5565201639625,159,6.443479836037511,9.5124,21.5172
1/4/24,01:43:49,2.943564,101.877757,2.943543,101.877769,150.28769379181796,159,8.712306208182042,7.168200000000001,21.9465
1/4/24,01:43:49,2.943564,101.877757,2.943543,101.877769,150.28769379181796,160,9.712306208182042,7.168200000000001,21.9465
1/4/24,01:43:49,2.943564,101.877757,2.943543,101.877769,150.28769379181796,160,9.712306208182042,7.168200000000001,21.9465
1/4/24,01:43:49,2.943564,101.877757,2.943543,101.877769,150.28769379181796,159,8.712306208182042,7.168200000000001,21.9465
1/4/24,01:43:49,2.943564,101.877757,2.943543,101.877769,150.28769379181796,159,8.712306208182042,7.168200000000001,21.9465
1/4/24,01:43:49,2.943564,101.877757,2.943543,101.877769,150.28769379181796,159,8.712306208182042,7.168200000000001,21.9465
1/4/24,01:43:49,2.943564,101.877757,2.943543,101.877769,150.28769379181796,160,9.712306208182042,7.168200000000001,21.9465
1/4/24,01:43:49,2.943564,101.877757,2.943543,101.877769,150.28769379181796,158,7.712306208182042,7.168200000000001,21.9465
1/4/24,01:43:49,2.943564,101.877757,2.943543,101.877769,150.28769379181796,159,8.712306208182042,7.168200000000001,21.9465
1/4/24,01:43:49,2.943564,101.877757,2.943543,101.877769,150.28769379181796,158,7.712306208182042,7.168200000000001,21.9465
1/4/24,01:43:49,2.943564,101.877757,2.943543,101.877769,150.28769379181796,159,8.712306208182042,7.168200000000001,21.9465
1/4/24,01:43:49,2.943564,101.877757,2.943543,101.877769,150.28769379181796,159,8.712306208182042,7.168200000000001,21.9465
1/4/24,01:43:49,2.943564,101.877757,2.943543,101.877769,150.28769379181796,158,7.712306208182042,7.168200000000001,21.9465
1/4/24,01:43:50,2.94356,101.877758,2.943543,101.877769,147.12924963197833,159,11.870750368021675,3.957,18.0834
1/4/24,01:43:50,2.94356,101.877758,2.943731,101.877724,348.7689770109074,159,170.2310229890926,0.0,15.0
1/4/24,01:43:50,2.94356,101.877758,2.943731,101.877724,348.7689770109074,159,170.2310229890926,0.0,15.0
1/4/24,01:43:50,2.94356,101.877758,2.943731,101.877724,348.7689770109074,159,170.2310229890926,0.0,15.0
1/4/24,01:43:50,2.94356,101.877758,2.943731,101.877724,348.7689770109074,160,171.2310229890926,0.0,15.0
1/4/24,01:43:50,2.94356,101.877758,2.943731,101.877724,348.7689770109074,158,169.2310229890926,0.0,15.0
1/4/24,01:43:50,2.94356,101.877758,2.943731,101.877724,348.7689770109074,158,169.2310229890926,0.0,15.0
1/4/24,01:43:50,2.94356,101.877758,2.943731,101.877724,348.7689770109074,159,170.2310229890926,0.0,15.0
1/4/24,01:43:50,2.94356,101.877758,2.943731,101.877724,348.7689770109074,159,170.2310229890926,0.0,15.0
1/4/24,01:43:50,2.94356,101.877758,2.943731,101.877724,348.7689770109074,157,168.2310229890926,0.0,15.0
1/4/24,01:43:50,2.94356,101.877758,2.943731,101.877724,348.7689770109074,157,168.2310229890926,0.0,15.0
1/4/24,01:43:50,2.94356,101.877758,2.943731,101.877724,348.7689770109074,156,167.2310229890926,0.0,15.0
1/4/24,01:43:50,2.94356,101.877758,2.943731,101.877724,348.7689770109074,157,168.2310229890926,0.0,15.0
1/4/24,01:43:51,2.943557,101.877759,2.943731,101.877724,348.6413727064147,155,166.3586272935853,0.0,15.0
1/4/24,01:43:51,2.943557,101.877759,2.943731,101.877724,348.6413727064147,154,165.3586272935853,0.0,15.0
1/4/24,01:43:51,2.943557,101.877759,2.943731,101.877724,348.6413727064147,154,165.3586272935853,0.0,15.0
1/4/24,01:43:51,2.943557,101.877759,2.943731,101.877724,348.6413727064147,153,164.3586272935853,0.0,15.0
1/4/24,01:43:51,2.943557,101.877759,2.943731,101.877724,348.6413727064147,153,164.3586272935853,0.0,15.0
1/4/24,01:43:51,2.943557,101.877759,2.943731,101.877724,348.6413727064147,153,164.3586272935853,0.0,15.0
1/4/24,01:43:51,2.943557,101.877759,2.943731,101.877724,348.6413727064147,153,164.3586272935853,0.0,15.0
1/4/24,01:43:51,2.943557,101.877759,2.943731,101.877724,348.6413727064147,152,163.3586272935853,0.0,15.0
1/4/24,01:43:51,2.943557,101.877759,2.943731,101.877724,348.6413727064147,151,162.3586272935853,0.0,15.0
1/4/24,01:43:51,2.943557,101.877759,2.943731,101.877724,348.6413727064147,151,162.3586272935853,0.0,15.0
1/4/24,01:43:51,2.943557,101.877759,2.943731,101.877724,348.6413727064147,150,161.3586272935853,0.0,15.0
1/4/24,01:43:51,2.943557,101.877759,2.943731,101.877724,348.6413727064147,150,161.3586272935853,0.0,15.0
1/4/24,01:43:51,2.943557,101.877759,2.943731,101.877724,348.6413727064147,150,161.3586272935853,0.0,15.0
1/4/24,01:43:52,2.943554,101.87776,2.943731,101.877724,348.5182023029488,147,158.4817976970512,0.0,15.0
1/4/24,01:43:52,2.943554,101.87776,2.943731,101.877724,348.5182023029488,147,158.4817976970512,0.0,15.0
1/4/24,01:43:52,2.943554,101.87776,2.943731,101.877724,348.5182023029488,146,157.4817976970512,0.0,15.0
1/4/24,01:43:52,2.943554,101.87776,2.943731,101.877724,348.5182023029488,145,156.4817976970512,0.0,15.0
1/4/24,01:43:52,2.943554,101.87776,2.943731,101.877724,348.5182023029488,144,155.4817976970512,0.0,15.0
1/4/24,01:43:52,2.943554,101.87776,2.943731,101.877724,348.5182023029488,144,155.4817976970512,0.0,15.0
1/4/24,01:43:52,2.943554,101.87776,2.943731,101.877724,348.5182023029488,142,153.4817976970512,0.0,15.0
1/4/24,01:43:52,2.943554,101.87776,2.943731,101.877724,348.5182023029488,142,153.4817976970512,0.0,15.0
1/4/24,01:43:52,2.943554,101.87776,2.943731,101.877724,348.5182023029488,141,152.4817976970512,0.0,15.0
1/4/24,01:43:52,2.943554,101.87776,2.943731,101.877724,348.5182023029488,140,151.4817976970512,0.0,15.0
1/4/24,01:43:52,2.943554,101.87776,2.943731,101.877724,348.5182023029488,139,150.4817976970512,0.0,15.0
1/4/24,01:43:52,2.943554,101.87776,2.943731,101.877724,348.5182023029488,138,149.4817976970512,0.0,15.0
1/4/24,01:43:52,2.943554,101.87776,2.943731,101.877724,348.5182023029488,138,149.4817976970512,0.0,15.0
1/4/24,01:43:53,2.943551,101.87776,2.943731,101.877724,348.70460579491777,134,145.29539420508223,0.0,15.0
1/4/24,01:43:53,2.943551,101.87776,2.943731,101.877724,348.70460579491777,135,146.29539420508223,0.0,15.0
1/4/24,01:43:53,2.943551,101.87776,2.943731,101.877724,348.70460579491777,134,145.29539420508223,0.0,15.0
1/4/24,01:43:53,2.943551,101.87776,2.943731,101.877724,348.70460579491777,133,144.29539420508223,0.0,15.0
1/4/24,01:43:53,2.943551,101.87776,2.943731,101.877724,348.70460579491777,132,143.29539420508223,0.0,15.0
1/4/24,01:43:53,2.943551,101.87776,2.943731,101.877724,348.70460579491777,131,142.29539420508223,0.0,15.0
1/4/24,01:43:53,2.943551,101.87776,2.943731,101.877724,348.70460579491777,130,141.29539420508223,0.0,15.0
1/4/24,01:43:53,2.943551,101.87776,2.943731,101.877724,348.70460579491777,129,140.29539420508223,0.0,15.0
1/4/24,01:43:53,2.943551,101.87776,2.943731,101.877724,348.70460579491777,129,140.29539420508223,0.0,15.0
1/4/24,01:43:53,2.943551,101.87776,2.943731,101.877724,348.70460579491777,127,138.29539420508223,0.0,15.0
1/4/24,01:43:53,2.943551,101.87776,2.943731,101.877724,348.70460579491777,124,135.29539420508223,0.0,15.0
1/4/24,01:43:53,2.943551,101.87776,2.943731,101.877724,348.70460579491777,124,135.29539420508223,0.0,15.0
1/4/24,01:43:53,2.943551,101.87776,2.943731,101.877724,348.70460579491777,123,134.29539420508223,0.0,15.0
1/4/24,01:43:54,2.94355,101.87776,2.943731,101.877724,348.76541974502436,117,128.23458025497564,0.0,15.0
1/4/24,01:43:54,2.94355,101.87776,2.943731,101.877724,348.76541974502436,117,128.23458025497564,0.0,15.0
1/4/24,01:43:54,2.94355,101.87776,2.943731,101.877724,348.76541974502436,115,126.23458025497564,0.0,15.0
1/4/24,01:43:54,2.94355,101.87776,2.943731,101.877724,348.76541974502436,113,124.23458025497564,0.0,15.0
1/4/24,01:43:54,2.94355,101.87776,2.943731,101.877724,348.76541974502436,113,124.23458025497564,0.0,15.0
1/4/24,01:43:54,2.94355,101.87776,2.943731,101.877724,348.76541974502436,111,122.23458025497564,0.0,15.0
1/4/24,01:43:54,2.94355,101.87776,2.943731,101.877724,348.76541974502436,111,122.23458025497564,0.0,15.0
1/4/24,01:43:54,2.94355,101.87776,2.943731,101.877724,348.76541974502436,109,120.23458025497564,0.0,15.0
1/4/24,01:43:54,2.94355,101.87776,2.943731,101.877724,348.76541974502436,109,120.23458025497564,0.0,15.0
1/4/24,01:43:54,2.94355,101.87776,2.943731,101.877724,348.76541974502436,108,119.23458025497564,0.0,15.0
1/4/24,01:43:54,2.94355,101.87776,2.943731,101.877724,348.76541974502436,105,116.23458025497564,0.0,15.0
1/4/24,01:43:54,2.94355,101.87776,2.943731,101.877724,348.76541974502436,106,117.23458025497564,0.0,15.0
1/4/24,01:43:54,2.94355,101.87776,2.943731,101.877724,348.76541974502436,106,117.23458025497564,0.0,15.0
1/4/24,01:43:55,2.943549,101.877759,2.943731,101.877724,349.128492659946,101,111.871507340054,0.0,15.0
1/4/24,01:43:55,2.943549,101.877759,2.943731,101.877724,349.128492659946,101,111.871507340054,0.0,15.0
1/4/24,01:43:55,2.943549,101.877759,2.943731,101.877724,349.128492659946,101,111.871507340054,0.0,15.0
1/4/24,01:43:55,2.943549,101.877759,2.943731,101.877724,349.128492659946,99,109.871507340054,0.0,15.0
1/4/24,01:43:55,2.943549,101.877759,2.943731,101.877724,349.128492659946,98,108.871507340054,0.0,15.0
1/4/24,01:43:55,2.943549,101.877759,2.943731,101.877724,349.128492659946,98,108.871507340054,0.0,15.0
1/4/24,01:43:55,2.943549,101.877759,2.943731,101.877724,349.128492659946,97,107.871507340054,0.0,15.0
1/4/24,01:43:55,2.943549,101.877759,2.943731,101.877724,349.128492659946,95,105.871507340054,0.0,15.0
1/4/24,01:43:55,2.943549,101.877759,2.943731,101.877724,349.128492659946,95,105.871507340054,0.0,15.0
1/4/24,01:43:55,2.943549,101.877759,2.943731,101.877724,349.128492659946,94,104.871507340054,0.0,15.0
1/4/24,01:43:55,2.943549,101.877759,2.943731,101.877724,349.128492659946,95,105.871507340054,0.0,15.0
1/4/24,01:43:55,2.943549,101.877759,2.943731,101.877724,349.128492659946,94,104.871507340054,0.0,15.0
1/4/24,01:43:55,2.943549,101.877759,2.943731,101.877724,349.128492659946,92,102.871507340054,0.0,15.0
1/4/24,01:43:56,2.943547,101.877759,2.943731,101.877724,349.2438897626705,90,100.7561102373295,0.0,15.0
1/4/24,01:43:56,2.943547,101.877759,2.943731,101.877724,349.2438897626705,90,100.7561102373295,0.0,15.0
1/4/24,01:43:56,2.943547,101.877759,2.943731,101.877724,349.2438897626705,89,99.7561102373295,0.0,15.0
1/4/24,01:43:56,2.943547,101.877759,2.943731,101.877724,349.2438897626705,88,98.7561102373295,0.0,15.0
1/4/24,01:43:56,2.943547,101.877759,2.943731,101.877724,349.2438897626705,88,98.7561102373295,0.0,15.0
1/4/24,01:43:56,2.943547,101.877759,2.943731,101.877724,349.2438897626705,88,98.7561102373295,0.0,15.0
1/4/24,01:43:56,2.943547,101.877759,2.943731,101.877724,349.2438897626705,86,96.7561102373295,0.0,15.0
1/4/24,01:43:56,2.943547,101.877759,2.943731,101.877724,349.2438897626705,86,96.7561102373295,0.0,15.0
1/4/24,01:43:56,2.943547,101.877759,2.943731,101.877724,349.2438897626705,86,96.7561102373295,0.0,15.0
1/4/24,01:43:56,2.943547,101.877759,2.943731,101.877724,349.2438897626705,84,94.7561102373295,0.0,15.0
1/4/24,01:43:56,2.943547,101.877759,2.943731,101.877724,349.2438897626705,85,95.7561102373295,0.0,15.0
1/4/24,01:43:56,2.943547,101.877759,2.943731,101.877724,349.2438897626705,83,93.7561102373295,0.0,15.0
1/4/24,01:43:56,2.943547,101.877759,2.943731,101.877724,349.2438897626705,83,93.7561102373295,0.0,15.0
1/4/24,01:43:57,2.943547,101.87776,2.943731,101.877724,348.9440431372225,81,92.05595686277752,0.0,15.0
1/4/24,01:43:57,2.943547,101.87776,2.943731,101.877724,348.9440431372225,79,90.05595686277752,0.0,15.0
1/4/24,01:43:57,2.943547,101.87776,2.943731,101.877724,348.9440431372225,79,90.05595686277752,0.0,15.0
1/4/24,01:43:57,2.943547,101.87776,2.943731,101.877724,348.9440431372225,77,88.05595686277752,0.9583200000000001,15.0
1/4/24,01:43:57,2.943547,101.87776,2.943731,101.877724,348.9440431372225,77,88.05595686277752,0.9583200000000001,15.0
1/4/24,01:43:57,2.943547,101.87776,2.943731,101.877724,348.9440431372225,76,87.05595686277752,0.9583200000000001,15.0
1/4/24,01:43:57,2.943547,101.87776,2.943731,101.877724,348.9440431372225,76,87.05595686277752,0.9583200000000001,15.0
1/4/24,01:43:57,2.943547,101.87776,2.943731,101.877724,348.9440431372225,75,86.05595686277752,1.04763,15.0
1/4/24,01:43:57,2.943547,101.87776,2.943731,101.877724,348.9440431372225,74,85.05595686277752,1.04763,15.0
1/4/24,01:43:57,2.943547,101.87776,2.943731,101.877724,348.9440431372225,73,84.05595686277752,1.04763,15.0
1/4/24,01:43:57,2.943547,101.87776,2.943731,101.877724,348.9440431372225,71,82.05595686277752,1.1415600000000001,15.0
1/4/24,01:43:57,2.943547,101.87776,2.943731,101.877724,348.9440431372225,72,83.05595686277752,1.04763,15.0
1/4/24,01:43:57,2.943547,101.87776,2.943731,101.877724,348.9440431372225,71,82.05595686277752,1.1415600000000001,15.0
1/4/24,01:43:58,2.943546,101.87776,2.943731,101.877724,349.00234415733325,68,78.99765584266675,1.24053,15.0
1/4/24,01:43:58,2.943546,101.87776,2.943731,101.877724,349.00234415733325,67,77.99765584266675,1.24053,15.0
1/4/24,01:43:58,2.943546,101.87776,2.943731,101.877724,349.00234415733325,67,77.99765584266675,1.24053,15.0
1/4/24,01:43:58,2.943546,101.87776,2.943731,101.877724,349.00234415733325,65,75.99765584266675,1.24053,15.0
1/4/24,01:43:58,2.943546,101.87776,2.943731,101.877724,349.00234415733325,65,75.99765584266675,1.24053,15.0
1/4/24,01:43:58,2.943546,101.87776,2.943731,101.877724,349.00234415733325,65,75.99765584266675,1.24053,15.0
1/4/24,01:43:58,2.943546,101.87776,2.943731,101.877724,349.00234415733325,60,70.99765584266675,1.1692200000000001,15.0
1/4/24,01:43:58,2.943546,101.87776,2.943731,101.877724,349.00234415733325,63,73.99765584266675,1.25712,15.0
1/4/24,01:43:58,2.943546,101.87776,2.943731,101.877724,349.00234415733325,63,73.99765584266675,1.25712,15.0
1/4/24,01:43:58,2.943546,101.87776,2.943731,101.877724,349.00234415733325,63,73.99765584266675,1.25712,15.0
1/4/24,01:43:58,2.943546,101.87776,2.943731,101.877724,349.00234415733325,63,73.99765584266675,1.25712,15.0
1/4/24,01:43:58,2.943546,101.87776,2.943731,101.877724,349.00234415733325,62,72.99765584266675,1.25712,15.0
1/4/24,01:43:58,2.943546,101.87776,2.943731,101.877724,349.00234415733325,62,72.99765584266675,1.25712,15.0
1/4/24,01:43:59,2.943546,101.877761,2.943731,101.877724,348.70460573948014,61,72.29539426051986,1.25712,15.0
1/4/24,01:43:59,2.943546,101.877761,2.943731,101.877724,348.70460573948014,61,72.29539426051986,1.25712,15.0
1/4/24,01:43:59,2.943546,101.877761,2.943731,101.877724,348.70460573948014,61,72.29539426051986,1.25712,15.0
1/4/24,01:43:59,2.943546,101.877761,2.943731,101.877724,348.70460573948014,60,71.29539426051986,1.1692200000000001,15.0
1/4/24,01:43:59,2.943546,101.877761,2.943731,101.877724,348.70460573948014,60,71.29539426051986,1.1692200000000001,15.0
1/4/24,01:43:59,2.943546,101.877761,2.943731,101.877724,348.70460573948014,60,71.29539426051986,1.1692200000000001,15.0
1/4/24,01:43:59,2.943546,101.877761,2.943731,101.877724,348.70460573948014,58,69.29539426051986,1.1692200000000001,15.0
1/4/24,01:43:59,2.943546,101.877761,2.943731,101.877724,348.70460573948014,58,69.29539426051986,1.1692200000000001,15.0
1/4/24,01:43:59,2.943546,101.877761,2.943731,101.877724,348.70460573948014,58,69.29539426051986,1.1692200000000001,15.0
1/4/24,01:43:59,2.943546,101.877761,2.943731,101.877724,348.70460573948014,58,69.29539426051986,1.1692200000000001,15.0
1/4/24,01:43:59,2.943546,101.877761,2.943731,101.877724,348.70460573948014,57,68.29539426051986,1.0671,15.0
1/4/24,01:43:59,2.943546,101.877761,2.943731,101.877724,348.70460573948014,58,69.29539426051986,1.1692200000000001,15.0
1/4/24,01:43:59,2.943546,101.877761,2.943731,101.877724,348.70460573948014,56,67.29539426051986,1.0671,15.0
1/4/24,01:44:00,2.943545,101.877762,2.943731,101.877724,348.46813554958936,56,67.53186445041064,1.0671,15.0
1/4/24,01:44:00,2.943545,101.877762,2.943731,101.877724,348.46813554958936,55,66.53186445041064,1.0671,15.0
1/4/24,01:44:00,2.943545,101.877762,2.943731,101.877724,348.46813554958936,55,66.53186445041064,1.0671,15.0
1/4/24,01:44:00,2.943545,101.877762,2.943731,101.877724,348.46813554958936,54,65.53186445041064,1.0671,15.0
1/4/24,01:44:00,2.943545,101.877762,2.943731,101.877724,348.46813554958936,53,64.53186445041064,0.9630299999999999,15.0
1/4/24,01:44:00,2.943545,101.877762,2.943731,101.877724,348.46813554958936,51,62.53186445041064,0.9630299999999999,15.0
1/4/24,01:44:00,2.943545,101.877762,2.943731,101.877724,348.46813554958936,53,64.53186445041064,0.9630299999999999,15.0
1/4/24,01:44:00,2.943545,101.877762,2.943731,101.877724,348.46813554958936,54,65.53186445041064,1.0671,15.0
1/4/24,01:44:00,2.943545,101.877762,2.943731,101.877724,348.46813554958936,53,64.53186445041064,0.9630299999999999,15.0
1/4/24,01:44:00,2.943545,101.877762,2.943731,101.877724,348.46813554958936,53,64.53186445041064,0.9630299999999999,15.0
1/4/24,01:44:00,2.943545,101.877762,2.943731,101.877724,348.46813554958936,53,64.53186445041064,0.9630299999999999,15.0
1/4/24,01:44:00,2.943545,101.877762,2.943731,101.877724,348.46813554958936,52,63.53186445041064,0.9630299999999999,15.0
1/4/24,01:44:00,2.943545,101.877762,2.943731,101.877724,348.46813554958936,52,63.53186445041064,0.9630299999999999,15.0
1/4/24,01:44:01,2.943544,101.877763,2.943731,101.877724,348.2345856477183,48,59.76541435228171,0.0,15.0
1/4/24,01:44:01,2.943544,101.877763,2.943731,101.877724,348.2345856477183,50,61.76541435228171,0.9630299999999999,15.0
1/4/24,01:44:01,2.943544,101.877763,2.943731,101.877724,348.2345856477183,51,62.76541435228171,0.9630299999999999,15.0
1/4/24,01:44:01,2.943544,101.877763,2.943731,101.877724,348.2345856477183,50,61.76541435228171,0.9630299999999999,15.0
1/4/24,01:44:01,2.943544,101.877763,2.943731,101.877724,348.2345856477183,50,61.76541435228171,0.9630299999999999,15.0
1/4/24,01:44:01,2.943544,101.877763,2.943731,101.877724,348.2345856477183,49,60.76541435228171,0.0,15.0
1/4/24,01:44:01,2.943544,101.877763,2.943731,101.877724,348.2345856477183,49,60.76541435228171,0.0,15.0
1/4/24,01:44:01,2.943544,101.877763,2.943731,101.877724,348.2345856477183,48,59.76541435228171,0.0,15.0
1/4/24,01:44:01,2.943544,101.877763,2.943731,101.877724,348.2345856477183,48,59.76541435228171,0.0,15.0
1/4/24,01:44:01,2.943544,101.877763,2.943731,101.877724,348.2345856477183,47,58.76541435228171,0.0,15.0
1/4/24,01:44:01,2.943544,101.877763,2.943731,101.877724,348.2345856477183,47,58.76541435228171,0.0,15.0
1/4/24,01:44:01,2.943544,101.877763,2.943731,101.877724,348.2345856477183,47,58.76541435228171,0.0,15.0
1/4/24,01:44:01,2.943544,101.877763,2.943731,101.877724,348.2345856477183,46,57.76541435228171,0.0,15.0
1/4/24,01:44:02,2.943544,101.877763,2.943731,101.877724,348.2345856477183,44,55.76541435228171,0.0,15.0
1/4/24,01:44:02,2.943544,101.877763,2.943731,101.877724,348.2345856477183,43,54.76541435228171,0.0,15.0
1/4/24,01:44:02,2.943544,101.877763,2.943731,101.877724,348.2345856477183,42,53.76541435228171,0.0,15.0003
1/4/24,01:44:02,2.943544,101.877763,2.943731,101.877724,348.2345856477183,41,52.76541435228171,0.0,15.0003
1/4/24,01:44:02,2.943544,101.877763,2.943731,101.877724,348.2345856477183,41,52.76541435228171,0.0,15.0003
1/4/24,01:44:02,2.943544,101.877763,2.943731,101.877724,348.2345856477183,40,51.76541435228171,0.0,15.0003
1/4/24,01:44:02,2.943544,101.877763,2.943731,101.877724,348.2345856477183,38,49.76541435228171,0.0,15.003300000000001
1/4/24,01:44:02,2.943544,101.877763,2.943731,101.877724,348.2345856477183,37,48.76541435228171,0.0,15.003300000000001
1/4/24,01:44:02,2.943544,101.877763,2.943731,101.877724,348.2345856477183,36,47.76541435228171,0.0,15.003300000000001
1/4/24,01:44:02,2.943544,101.877763,2.943731,101.877724,348.2345856477183,34,45.76541435228171,0.92421,15.043499999999998
1/4/24,01:44:02,2.943544,101.877763,2.943731,101.877724,348.2345856477183,34,45.76541435228171,0.92421,15.043499999999998
1/4/24,01:44:02,2.943544,101.877763,2.943731,101.877724,348.2345856477183,33,44.76541435228171,0.92421,15.043499999999998
1/4/24,01:44:02,2.943544,101.877763,2.943731,101.877724,348.2345856477183,32,43.76541435228171,0.92421,15.043499999999998
1/4/24,01:44:03,2.943543,101.877764,2.943731,101.877724,348.00390989633564,29,40.99609010366436,1.4933699999999999,15.416100000000002
1/4/24,01:44:03,2.943543,101.877764,2.943731,101.877724,348.00390989633564,28,39.99609010366436,1.4933699999999999,15.416100000000002
1/4/24,01:44:03,2.943543,101.877764,2.943731,101.877724,348.00390989633564,27,38.99609010366436,3.9455999999999998,17.4024
1/4/24,01:44:03,2.943543,101.877764,2.943731,101.877724,348.00390989633564,27,38.99609010366436,3.9455999999999998,17.4024
1/4/24,01:44:03,2.943543,101.877764,2.943731,101.877724,348.00390989633564,25,36.99609010366436,3.9455999999999998,17.4024
1/4/24,01:44:03,2.943543,101.877764,2.943731,101.877724,348.00390989633564,24,35.99609010366436,7.5626999999999995,21.3261
1/4/24,01:44:03,2.943543,101.877764,2.943731,101.877724,348.00390989633564,23,34.99609010366436,7.5626999999999995,21.3261
1/4/24,01:44:03,2.943543,101.877764,2.943731,101.877724,348.00390989633564,22,33.99609010366436,7.5626999999999995,21.3261
1/4/24,01:44:03,2.943543,101.877764,2.943731,101.877724,348.00390989633564,21,32.99609010366436,7.5626999999999995,21.3261
1/4/24,01:44:03,2.943543,101.877764,2.943731,101.877724,348.00390989633564,20,31.996090103664358,9.210600000000001,23.8398
1/4/24,01:44:03,2.943543,101.877764,2.943731,101.877724,348.00390989633564,19,30.996090103664358,9.210600000000001,23.8398
1/4/24,01:44:03,2.943543,101.877764,2.943731,101.877724,348.00390989633564,17,28.996090103664358,9.210600000000001,23.8398
1/4/24,01:44:03,2.943543,101.877764,2.943731,101.877724,348.00390989633564,17,28.996090103664358,9.210600000000001,23.8398
1/4/24,01:44:04,2.943545,101.877764,2.943731,101.877724,347.87871478120894,13,25.12128521879106,9.832199999999998,25.032600000000002
1/4/24,01:44:04,2.943545,101.877764,2.943731,101.877724,347.87871478120894,11,23.12128521879106,9.832199999999998,25.032600000000002
1/4/24,01:44:04,2.943545,101.877764,2.943731,101.877724,347.87871478120894,11,23.12128521879106,9.832199999999998,25.032600000000002
1/4/24,01:44:04,2.943545,101.877764,2.943731,101.877724,347.87871478120894,9,21.12128521879106,9.878400000000001,25.1406
1/4/24,01:44:04,2.943545,101.877764,2.943731,101.877724,347.87871478120894,9,21.12128521879106,9.878400000000001,25.1406
1/4/24,01:44:04,2.943545,101.877764,2.943731,101.877724,347.87871478120894,7,19.12128521879106,9.878400000000001,25.1406
1/4/24,01:44:04,2.943545,101.877764,2.943731,101.877724,347.87871478120894,6,18.12128521879106,9.878400000000001,25.1406
1/4/24,01:44:04,2.943545,101.877764,2.943731,101.877724,347.87871478120894,5,17.12128521879106,9.891,25.173
1/4/24,01:44:04,2.943545,101.877764,2.943731,101.877724,347.87871478120894,5,17.12128521879106,9.891,25.173
1/4/24,01:44:04,2.943545,101.877764,2.943731,101.877724,347.87871478120894,3,15.121285218791058,9.891,25.173
1/4/24,01:44:04,2.943545,101.877764,2.943731,101.877724,347.87871478120894,3,15.121285218791058,9.891,25.173
1/4/24,01:44:04,2.943545,101.877764,2.943731,101.877724,347.87871478120894,2,14.121285218791058,9.8949,25.183500000000002
1/4/24,01:44:04,2.943545,101.877764,2.943731,101.877724,347.87871478120894,1,13.121285218791058,9.8949,25.183500000000002
1/4/24,01:44:05,2.943547,101.877764,2.943731,101.877724,347.75091929109783,358,10.24908070890217,9.8961,25.186500000000002
1/4/24,01:44:05,2.943547,101.877764,2.943731,101.877724,347.75091929109783,357,9.24908070890217,9.8961,25.186500000000002
1/4/24,01:44:05,2.943547,101.877764,2.943731,101.877724,347.75091929109783,356,8.24908070890217,9.8961,25.186500000000002
1/4/24,01:44:05,2.943547,101.877764,2.943731,101.877724,347.75091929109783,356,8.24908070890217,9.8961,25.186500000000002
1/4/24,01:44:05,2.943547,101.877764,2.943731,101.877724,347.75091929109783,355,7.24908070890217,9.8961,25.186500000000002
1/4/24,01:44:05,2.943547,101.877764,2.943731,101.877724,347.75091929109783,354,6.24908070890217,14.1492,24.1284
1/4/24,01:44:05,2.943547,101.877764,2.943731,101.877724,347.75091929109783,353,5.24908070890217,14.1492,24.1284
1/4/24,01:44:05,2.943547,101.877764,2.943731,101.877724,347.75091929109783,353,5.24908070890217,14.1492,24.1284
1/4/24,01:44:05,2.943547,101.877764,2.943731,101.877724,347.75091929109783,353,5.24908070890217,14.1492,24.1284
1/4/24,01:44:05,2.943547,101.877764,2.943731,101.877724,347.75091929109783,352,4.24908070890217,14.1492,24.1284
1/4/24,01:44:05,2.943547,101.877764,2.943731,101.877724,347.75091929109783,351,3.24908070890217,24.8406,24.857100000000003
1/4/24,01:44:05,2.943547,101.877764,2.943731,101.877724,347.75091929109783,351,3.24908070890217,24.8406,24.857100000000003
1/4/24,01:44:05,2.943547,101.877764,2.943731,101.877724,347.75091929109783,350,2.24908070890217,24.8406,24.857100000000003
1/4/24,01:44:06,2.943548,101.877764,2.943731,101.877724,347.68602135917854,350,2.3139786408214604,24.8406,24.857100000000003
1/4/24,01:44:06,2.943548,101.877764,2.943731,101.877724,347.68602135917854,350,2.3139786408214604,24.8406,24.857100000000003
1/4/24,01:44:06,2.943548,101.877764,2.943731,101.877724,347.68602135917854,350,2.3139786408214604,24.8406,24.857100000000003
1/4/24,01:44:06,2.943548,101.877764,2.943731,101.877724,347.68602135917854,349,1.3139786408214604,24.8406,24.857100000000003
1/4/24,01:44:06,2.943548,101.877764,2.943731,101.877724,347.68602135917854,350,2.3139786408214604,24.8406,24.857100000000003
1/4/24,01:44:06,2.943548,101.877764,2.943731,101.877724,347.68602135917854,349,1.3139786408214604,24.8406,24.857100000000003
1/4/24,01:44:06,2.943548,101.877764,2.943731,101.877724,347.68602135917854,350,2.3139786408214604,24.8406,24.857100000000003
1/4/24,01:44:06,2.943548,101.877764,2.943731,101.877724,347.68602135917854,350,2.3139786408214604,24.8406,24.857100000000003
1/4/24,01:44:06,2.943548,101.877764,2.943731,101.877724,347.68602135917854,350,2.3139786408214604,24.8406,24.857100000000003
1/4/24,01:44:06,2.943548,101.877764,2.943731,101.877724,347.68602135917854,350,2.3139786408214604,24.8406,24.857100000000003
1/4/24,01:44:06,2.943548,101.877764,2.943731,101.877724,347.68602135917854,349,1.3139786408214604,24.8406,24.857100000000003
1/4/24,01:44:06,2.943548,101.877764,2.943731,101.877724,347.68602135917854,351,3.3139786408214604,24.8406,24.857100000000003
1/4/24,01:44:06,2.943548,101.877764,2.943731,101.877724,347.68602135917854,351,3.3139786408214604,24.8406,24.857100000000003
1/4/24,01:44:07,2.943551,101.877763,2.943731,101.877724,347.7905227674178,350,2.2094772325821737,24.8406,24.857100000000003
1/4/24,01:44:07,2.943551,101.877763,2.943731,101.877724,347.7905227674178,351,3.2094772325821737,24.8406,24.857100000000003
1/4/24,01:44:07,2.943551,101.877763,2.943731,101.877724,347.7905227674178,352,4.209477232582174,14.1492,24.1284
1/4/24,01:44:07,2.943551,101.877763,2.943731,101.877724,347.7905227674178,351,3.2094772325821737,24.8406,24.857100000000003
1/4/24,01:44:07,2.943551,101.877763,2.943731,101.877724,347.7905227674178,351,3.2094772325821737,24.8406,24.857100000000003
1/4/24,01:44:07,2.943551,101.877763,2.943731,101.877724,347.7905227674178,351,3.2094772325821737,24.8406,24.857100000000003
1/4/24,01:44:07,2.943551,101.877763,2.943731,101.877724,347.7905227674178,351,3.2094772325821737,24.8406,24.857100000000003
1/4/24,01:44:07,2.943551,101.877763,2.943731,101.877724,347.7905227674178,351,3.2094772325821737,24.8406,24.857100000000003
1/4/24,01:44:07,2.943551,101.877763,2.943731,101.877724,347.7905227674178,351,3.2094772325821737,24.8406,24.857100000000003
1/4/24,01:44:07,2.943551,101.877763,2.943731,101.877724,347.7905227674178,352,4.209477232582174,14.1492,24.1284
1/4/24,01:44:07,2.943551,101.877763,2.943731,101.877724,347.7905227674178,351,3.2094772325821737,24.8406,24.857100000000003
1/4/24,01:44:07,2.943551,101.877763,2.943731,101.877724,347.7905227674178,352,4.209477232582174,14.1492,24.1284
1/4/24,01:44:07,2.943551,101.877763,2.943731,101.877724,347.7905227674178,351,3.2094772325821737,24.8406,24.857100000000003
1/4/24,01:44:08,2.943556,101.877762,2.943731,101.877724,347.76449637155406,352,4.23550362844594,14.1492,24.1284
1/4/24,01:44:08,2.943556,101.877762,2.943731,101.877724,347.76449637155406,352,4.23550362844594,14.1492,24.1284
1/4/24,01:44:08,2.943556,101.877762,2.943731,101.877724,347.76449637155406,353,5.23550362844594,14.1492,24.1284
1/4/24,01:44:08,2.943556,101.877762,2.943731,101.877724,347.76449637155406,352,4.23550362844594,14.1492,24.1284
1/4/24,01:44:08,2.943556,101.877762,2.943731,101.877724,347.76449637155406,352,4.23550362844594,14.1492,24.1284
1/4/24,01:44:08,2.943556,101.877762,2.943731,101.877724,347.76449637155406,352,4.23550362844594,14.1492,24.1284
1/4/24,01:44:08,2.943556,101.877762,2.943731,101.877724,347.76449637155406,352,4.23550362844594,14.1492,24.1284
1/4/24,01:44:08,2.943556,101.877762,2.943731,101.877724,347.76449637155406,352,4.23550362844594,14.1492,24.1284
1/4/24,01:44:08,2.943556,101.877762,2.943731,101.877724,347.76449637155406,351,3.23550362844594,24.8406,24.857100000000003
1/4/24,01:44:08,2.943556,101.877762,2.943731,101.877724,347.76449637155406,352,4.23550362844594,14.1492,24.1284
1/4/24,01:44:08,2.943556,101.877762,2.943731,101.877724,347.76449637155406,350,2.23550362844594,24.8406,24.857100000000003
1/4/24,01:44:08,2.943556,101.877762,2.943731,101.877724,347.76449637155406,351,3.23550362844594,24.8406,24.857100000000003
1/4/24,01:44:08,2.943556,101.877762,2.943731,101.877724,347.76449637155406,352,4.23550362844594,14.1492,24.1284
1/4/24,01:44:09,2.943561,101.877761,2.943731,101.877724,347.7369445920941,351,3.263055407905881,24.8406,24.857100000000003
1/4/24,01:44:09,2.943561,101.877761,2.943731,101.877724,347.7369445920941,350,2.263055407905881,24.8406,24.857100000000003
1/4/24,01:44:09,2.943561,101.877761,2.943731,101.877724,347.7369445920941,350,2.263055407905881,24.8406,24.857100000000003
1/4/24,01:44:09,2.943561,101.877761,2.943731,101.877724,347.7369445920941,350,2.263055407905881,24.8406,24.857100000000003
1/4/24,01:44:09,2.943561,101.877761,2.943731,101.877724,347.7369445920941,351,3.263055407905881,24.8406,24.857100000000003
1/4/24,01:44:09,2.943561,101.877761,2.943731,101.877724,347.7369445920941,351,3.263055407905881,24.8406,24.857100000000003
1/4/24,01:44:09,2.943561,101.877761,2.943731,101.877724,347.7369445920941,350,2.263055407905881,24.8406,24.857100000000003
1/4/24,01:44:09,2.943561,101.877761,2.943731,101.877724,347.7369445920941,351,3.263055407905881,24.8406,24.857100000000003
1/4/24,01:44:09,2.943561,101.877761,2.943731,101.877724,347.7369445920941,351,3.263055407905881,24.8406,24.857100000000003
1/4/24,01:44:09,2.943561,101.877761,2.943731,101.877724,347.7369445920941,351,3.263055407905881,24.8406,24.857100000000003
1/4/24,01:44:09,2.943561,101.877761,2.943731,101.877724,347.7369445920941,351,3.263055407905881,24.8406,24.857100000000003
1/4/24,01:44:09,2.943561,101.877761,2.943731,101.877724,347.7369445920941,352,4.263055407905881,14.1492,24.1284
1/4/24,01:44:09,2.943561,101.877761,2.943731,101.877724,347.7369445920941,351,3.263055407905881,24.8406,24.857100000000003
1/4/24,01:44:10,2.943565,101.87776,2.943731,101.877724,347.7795472894977,352,4.220452710502286,14.1492,24.1284
1/4/24,01:44:10,2.943565,101.87776,2.943731,101.877724,347.7795472894977,352,4.220452710502286,14.1492,24.1284
1/4/24,01:44:10,2.943565,101.87776,2.943731,101.877724,347.7795472894977,352,4.220452710502286,14.1492,24.1284
1/4/24,01:44:10,2.943565,101.87776,2.943731,101.877724,347.7795472894977,352,4.220452710502286,14.1492,24.1284
1/4/24,01:44:10,2.943565,101.87776,2.943731,101.877724,347.7795472894977,352,4.220452710502286,14.1492,24.1284
1/4/24,01:44:10,2.943565,101.87776,2.943731,101.877724,347.7795472894977,352,4.220452710502286,14.1492,24.1284
1/4/24,01:44:10,2.943565,101.87776,2.943731,101.877724,347.7795472894977,351,3.220452710502286,24.8406,24.857100000000003
1/4/24,01:44:10,2.943565,101.87776,2.943731,101.877724,347.7795472894977,352,4.220452710502286,14.1492,24.1284
1/4/24,01:44:10,2.943565,101.87776,2.943731,101.877724,347.7795472894977,352,4.220452710502286,14.1492,24.1284
1/4/24,01:44:10,2.943565,101.87776,2.943731,101.877724,347.7795472894977,352,4.220452710502286,14.1492,24.1284
1/4/24,01:44:10,2.943565,101.87776,2.943731,101.877724,347.7795472894977,352,4.220452710502286,14.1492,24.1284
1/4/24,01:44:10,2.943565,101.87776,2.943731,101.877724,347.7795472894977,352,4.220452710502286,14.1492,24.1284
1/4/24,01:44:10,2.943565,101.87776,2.943731,101.877724,347.7795472894977,352,4.220452710502286,14.1492,24.1284
1/4/24,01:44:11,2.943569,101.877759,2.943731,101.877724,347.8242685714375,352,4.175731428562472,14.1492,24.1284
1/4/24,01:44:11,2.943569,101.877759,2.943731,101.877724,347.8242685714375,351,3.1757314285624716,24.8406,24.857100000000003
1/4/24,01:44:11,2.943569,101.877759,2.943731,101.877724,347.8242685714375,350,2.1757314285624716,24.8406,24.857100000000003
1/4/24,01:44:11,2.943569,101.877759,2.943731,101.877724,347.8242685714375,351,3.1757314285624716,24.8406,24.857100000000003
1/4/24,01:44:11,2.943569,101.877759,2.943731,101.877724,347.8242685714375,351,3.1757314285624716,24.8406,24.857100000000003
1/4/24,01:44:11,2.943569,101.877759,2.943731,101.877724,347.8242685714375,351,3.1757314285624716,24.8406,24.857100000000003
1/4/24,01:44:11,2.943569,101.877759,2.943731,101.877724,347.8242685714375,351,3.1757314285624716,24.8406,24.857100000000003
1/4/24,01:44:11,2.943569,101.877759,2.943731,101.877724,347.8242685714375,350,2.1757314285624716,24.8406,24.857100000000003
1/4/24,01:44:11,2.943569,101.877759,2.943731,101.877724,347.8242685714375,351,3.1757314285624716,24.8406,24.857100000000003
1/4/24,01:44:11,2.943569,101.877759,2.943731,101.877724,347.8242685714375,351,3.1757314285624716,24.8406,24.857100000000003
1/4/24,01:44:11,2.943569,101.877759,2.943731,101.877724,347.8242685714375,351,3.1757314285624716,24.8406,24.857100000000003
1/4/24,01:44:11,2.943569,101.877759,2.943731,101.877724,347.8242685714375,351,3.1757314285624716,24.8406,24.857100000000003
1/4/24,01:44:11,2.943569,101.877759,2.943731,101.877724,347.8242685714375,351,3.1757314285624716,24.8406,24.857100000000003
1/4/24,01:44:12,2.943573,101.877757,2.943731,101.877724,348.21788182474677,350,1.7821181752532311,24.8406,24.857100000000003
1/4/24,01:44:12,2.943573,101.877757,2.943731,101.877724,348.21788182474677,350,1.7821181752532311,24.8406,24.857100000000003
1/4/24,01:44:12,2.943573,101.877757,2.943731,101.877724,348.21788182474677,352,3.782118175253231,14.1492,24.1284
1/4/24,01:44:12,2.943573,101.877757,2.943731,101.877724,348.21788182474677,351,2.782118175253231,24.8406,24.857100000000003
1/4/24,01:44:12,2.943573,101.877757,2.943731,101.877724,348.21788182474677,350,1.7821181752532311,24.8406,24.857100000000003
1/4/24,01:44:12,2.943573,101.877757,2.943731,101.877724,348.21788182474677,352,3.782118175253231,14.1492,24.1284
1/4/24,01:44:12,2.943573,101.877757,2.943731,101.877724,348.21788182474677,351,2.782118175253231,24.8406,24.857100000000003
1/4/24,01:44:12,2.943573,101.877757,2.943731,101.877724,348.21788182474677,351,2.782118175253231,24.8406,24.857100000000003
1/4/24,01:44:12,2.943573,101.877757,2.943731,101.877724,348.21788182474677,351,2.782118175253231,24.8406,24.857100000000003
1/4/24,01:44:12,2.943573,101.877757,2.943731,101.877724,348.21788182474677,352,3.782118175253231,14.1492,24.1284
1/4/24,01:44:12,2.943573,101.877757,2.943731,101.877724,348.21788182474677,352,3.782118175253231,14.1492,24.1284
1/4/24,01:44:12,2.943573,101.877757,2.943731,101.877724,348.21788182474677,352,3.782118175253231,14.1492,24.1284
1/4/24,01:44:12,2.943573,101.877757,2.943731,101.877724,348.21788182474677,351,2.782118175253231,24.8406,24.857100000000003
1/4/24,01:44:13,2.943579,101.877755,2.943731,101.877724,348.4875675574831,351,2.5124324425169107,24.8406,24.857100000000003
1/4/24,01:44:13,2.943579,101.877755,2.943731,101.877724,348.4875675574831,352,3.5124324425169107,24.8406,24.857100000000003
1/4/24,01:44:13,2.943579,101.877755,2.943731,101.877724,348.4875675574831,352,3.5124324425169107,24.8406,24.857100000000003
1/4/24,01:44:13,2.943579,101.877755,2.943731,101.877724,348.4875675574831,352,3.5124324425169107,24.8406,24.857100000000003
1/4/24,01:44:13,2.943579,101.877755,2.943731,101.877724,348.4875675574831,353,4.512432442516911,14.1492,24.1284
1/4/24,01:44:13,2.943579,101.877755,2.943731,101.877724,348.4875675574831,352,3.5124324425169107,24.8406,24.857100000000003
1/4/24,01:44:13,2.943579,101.877755,2.943731,101.877724,348.4875675574831,352,3.5124324425169107,24.8406,24.857100000000003
1/4/24,01:44:13,2.943579,101.877755,2.943731,101.877724,348.4875675574831,352,3.5124324425169107,24.8406,24.857100000000003
1/4/24,01:44:13,2.943579,101.877755,2.943731,101.877724,348.4875675574831,352,3.5124324425169107,24.8406,24.857100000000003
1/4/24,01:44:13,2.943579,101.877755,2.943731,101.877724,348.4875675574831,352,3.5124324425169107,24.8406,24.857100000000003
1/4/24,01:44:13,2.943579,101.877755,2.943731,101.877724,348.4875675574831,353,4.512432442516911,14.1492,24.1284
1/4/24,01:44:13,2.943579,101.877755,2.943731,101.877724,348.4875675574831,352,3.5124324425169107,24.8406,24.857100000000003
1/4/24,01:44:13,2.943579,101.877755,2.943731,101.877724,348.4875675574831,353,4.512432442516911,14.1492,24.1284
1/4/24,01:44:14,2.943583,101.877754,2.943731,101.877724,348.55596732711615,352,3.44403267288385,24.8406,24.857100000000003
1/4/24,01:44:14,2.943583,101.877754,2.943731,101.877724,348.55596732711615,352,3.44403267288385,24.8406,24.857100000000003
1/4/24,01:44:14,2.943583,101.877754,2.943731,101.877724,348.55596732711615,352,3.44403267288385,24.8406,24.857100000000003
1/4/24,01:44:14,2.943583,101.877754,2.943731,101.877724,348.55596732711615,351,2.44403267288385,24.8406,24.857100000000003
1/4/24,01:44:14,2.943583,101.877754,2.943731,101.877724,348.55596732711615,353,4.44403267288385,14.1492,24.1284
1/4/24,01:44:14,2.943583,101.877754,2.943731,101.877724,348.55596732711615,352,3.44403267288385,24.8406,24.857100000000003
1/4/24,01:44:14,2.943583,101.877754,2.943731,101.877724,348.55596732711615,352,3.44403267288385,24.8406,24.857100000000003
1/4/24,01:44:14,2.943583,101.877754,2.943731,101.877724,348.55596732711615,352,3.44403267288385,24.8406,24.857100000000003
1/4/24,01:44:14,2.943583,101.877754,2.943731,101.877724,348.55596732711615,352,3.44403267288385,24.8406,24.857100000000003
1/4/24,01:44:14,2.943583,101.877754,2.943731,101.877724,348.55596732711615,352,3.44403267288385,24.8406,24.857100000000003
1/4/24,01:44:14,2.943583,101.877754,2.943731,101.877724,348.55596732711615,353,4.44403267288385,14.1492,24.1284
1/4/24,01:44:14,2.943583,101.877754,2.943731,101.877724,348.55596732711615,352,3.44403267288385,24.8406,24.857100000000003
1/4/24,01:44:14,2.943583,101.877754,2.943731,101.877724,348.55596732711615,353,4.44403267288385,14.1492,24.1284
1/4/24,01:44:15,2.943588,101.877752,2.943731,101.877724,348.9356649528147,353,4.0643350471852955,14.1492,24.1284
1/4/24,01:44:15,2.943588,101.877752,2.943731,101.877724,348.9356649528147,353,4.0643350471852955,14.1492,24.1284
1/4/24,01:44:15,2.943588,101.877752,2.943731,101.877724,348.9356649528147,353,4.0643350471852955,14.1492,24.1284
1/4/24,01:44:15,2.943588,101.877752,2.943731,101.877724,348.9356649528147,352,3.0643350471852955,24.8406,24.857100000000003
1/4/24,01:44:15,2.943588,101.877752,2.943731,101.877724,348.9356649528147,352,3.0643350471852955,24.8406,24.857100000000003
1/4/24,01:44:15,2.943588,101.877752,2.943731,101.877724,348.9356649528147,352,3.0643350471852955,24.8406,24.857100000000003
1/4/24,01:44:15,2.943588,101.877752,2.943731,101.877724,348.9356649528147,351,2.0643350471852955,24.8406,24.857100000000003
1/4/24,01:44:15,2.943588,101.877752,2.943731,101.877724,348.9356649528147,352,3.0643350471852955,24.8406,24.857100000000003
1/4/24,01:44:15,2.943588,101.877752,2.943731,101.877724,348.9356649528147,352,3.0643350471852955,24.8406,24.857100000000003
1/4/24,01:44:15,2.943588,101.877752,2.943731,101.877724,348.9356649528147,352,3.0643350471852955,24.8406,24.857100000000003
1/4/24,01:44:15,2.943588,101.877752,2.943731,101.877724,348.9356649528147,352,3.0643350471852955,24.8406,24.857100000000003
1/4/24,01:44:15,2.943588,101.877752,2.943731,101.877724,348.9356649528147,351,2.0643350471852955,24.8406,24.857100000000003
1/4/24,01:44:15,2.943588,101.877752,2.943731,101.877724,348.9356649528147,353,4.0643350471852955,14.1492,24.1284
1/4/24,01:44:16,2.943592,101.877752,2.943731,101.877724,348.62545545863964,353,4.374544541360365,14.1492,24.1284
1/4/24,01:44:16,2.943592,101.877752,2.943731,101.877724,348.62545545863964,353,4.374544541360365,14.1492,24.1284
1/4/24,01:44:16,2.943592,101.877752,2.943731,101.877724,348.62545545863964,353,4.374544541360365,14.1492,24.1284
1/4/24,01:44:16,2.943592,101.877752,2.943731,101.877724,348.62545545863964,352,3.3745445413603647,24.8406,24.857100000000003
1/4/24,01:44:16,2.943592,101.877752,2.943731,101.877724,348.62545545863964,352,3.3745445413603647,24.8406,24.857100000000003
1/4/24,01:44:16,2.943592,101.877752,2.943731,101.877724,348.62545545863964,353,4.374544541360365,14.1492,24.1284
1/4/24,01:44:16,2.943592,101.877752,2.943731,101.877724,348.62545545863964,352,3.3745445413603647,24.8406,24.857100000000003
1/4/24,01:44:16,2.943592,101.877752,2.943731,101.877724,348.62545545863964,352,3.3745445413603647,24.8406,24.857100000000003
1/4/24,01:44:16,2.943592,101.877752,2.943731,101.877724,348.62545545863964,353,4.374544541360365,14.1492,24.1284
1/4/24,01:44:16,2.943592,101.877752,2.943731,101.877724,348.62545545863964,353,4.374544541360365,14.1492,24.1284
1/4/24,01:44:16,2.943592,101.877752,2.943731,101.877724,348.62545545863964,352,3.3745445413603647,24.8406,24.857100000000003
1/4/24,01:44:16,2.943592,101.877752,2.943731,101.877724,348.62545545863964,352,3.3745445413603647,24.8406,24.857100000000003
1/4/24,01:44:16,2.943592,101.877752,2.943731,101.877724,348.62545545863964,352,3.3745445413603647,24.8406,24.857100000000003
1/4/24,01:44:17,2.943596,101.877751,2.943731,101.877724,348.70460624303723,352,3.295393756962767,24.8406,24.857100000000003
1/4/24,01:44:17,2.943596,101.877751,2.943731,101.877724,348.70460624303723,352,3.295393756962767,24.8406,24.857100000000003
1/4/24,01:44:17,2.943596,101.877751,2.943731,101.877724,348.70460624303723,352,3.295393756962767,24.8406,24.857100000000003
1/4/24,01:44:17,2.943596,101.877751,2.943731,101.877724,348.70460624303723,352,3.295393756962767,24.8406,24.857100000000003
1/4/24,01:44:17,2.943596,101.877751,2.943731,101.877724,348.70460624303723,352,3.295393756962767,24.8406,24.857100000000003
1/4/24,01:44:17,2.943596,101.877751,2.943731,101.877724,348.70460624303723,352,3.295393756962767,24.8406,24.857100000000003
1/4/24,01:44:17,2.943596,101.877751,2.943731,101.877724,348.70460624303723,353,4.295393756962767,14.1492,24.1284
1/4/24,01:44:17,2.943596,101.877751,2.943731,101.877724,348.70460624303723,351,2.295393756962767,24.8406,24.857100000000003
1/4/24,01:44:17,2.943596,101.877751,2.943731,101.877724,348.70460624303723,352,3.295393756962767,24.8406,24.857100000000003
1/4/24,01:44:17,2.943596,101.877751,2.943731,101.877724,348.70460624303723,352,3.295393756962767,24.8406,24.857100000000003
1/4/24,01:44:17,2.943596,101.877751,2.943731,101.877724,348.70460624303723,352,3.295393756962767,24.8406,24.857100000000003
1/4/24,01:44:17,2.943596,101.877751,2.943731,101.877724,348.70460624303723,352,3.295393756962767,24.8406,24.857100000000003
1/4/24,01:44:17,2.943596,101.877751,2.943731,101.877724,348.70460624303723,352,3.295393756962767,24.8406,24.857100000000003
1/4/24,01:44:18,2.943601,101.87775,2.943731,101.877724,348.7046062950202,353,4.295393704979801,14.1492,24.1284
1/4/24,01:44:18,2.943601,101.87775,2.943731,101.877724,348.7046062950202,352,3.2953937049798014,24.8406,24.857100000000003
1/4/24,01:44:18,2.943601,101.87775,2.943731,101.877724,348.7046062950202,352,3.2953937049798014,24.8406,24.857100000000003
1/4/24,01:44:18,2.943601,101.87775,2.943731,101.877724,348.7046062950202,353,4.295393704979801,14.1492,24.1284
1/4/24,01:44:18,2.943601,101.87775,2.943731,101.877724,348.7046062950202,352,3.2953937049798014,24.8406,24.857100000000003
1/4/24,01:44:18,2.943601,101.87775,2.943731,101.877724,348.7046062950202,353,4.295393704979801,14.1492,24.1284
1/4/24,01:44:18,2.943601,101.87775,2.943731,101.877724,348.7046062950202,353,4.295393704979801,14.1492,24.1284
1/4/24,01:44:18,2.943601,101.87775,2.943731,101.877724,348.7046062950202,353,4.295393704979801,14.1492,24.1284
1/4/24,01:44:18,2.943601,101.87775,2.943731,101.877724,348.7046062950202,353,4.295393704979801,14.1492,24.1284
1/4/24,01:44:18,2.943601,101.87775,2.943731,101.877724,348.7046062950202,353,4.295393704979801,14.1492,24.1284
1/4/24,01:44:18,2.943601,101.87775,2.943731,101.877724,348.7046062950202,353,4.295393704979801,14.1492,24.1284
1/4/24,01:44:18,2.943601,101.87775,2.943731,101.877724,348.7046062950202,351,2.2953937049798014,24.8406,24.857100000000003
1/4/24,01:44:18,2.943601,101.87775,2.943731,101.877724,348.7046062950202,352,3.2953937049798014,24.8406,24.857100000000003
1/4/24,01:44:19,2.943606,101.877749,2.943731,101.877724,348.7046063527066,352,3.2953936472933947,24.8406,24.857100000000003
1/4/24,01:44:19,2.943606,101.877749,2.943731,101.877724,348.7046063527066,352,3.2953936472933947,24.8406,24.857100000000003
1/4/24,01:44:19,2.943606,101.877749,2.943731,101.877724,348.7046063527066,353,4.295393647293395,14.1492,24.1284
1/4/24,01:44:19,2.943606,101.877749,2.943731,101.877724,348.7046063527066,352,3.2953936472933947,24.8406,24.857100000000003
1/4/24,01:44:19,2.943606,101.877749,2.943731,101.877724,348.7046063527066,353,4.295393647293395,14.1492,24.1284
1/4/24,01:44:19,2.943606,101.877749,2.943731,101.877724,348.7046063527066,353,4.295393647293395,14.1492,24.1284
1/4/24,01:44:19,2.943606,101.877749,2.943731,101.877724,348.7046063527066,352,3.2953936472933947,24.8406,24.857100000000003
1/4/24,01:44:19,2.943606,101.877749,2.943731,101.877724,348.7046063527066,353,4.295393647293395,14.1492,24.1284
1/4/24,01:44:19,2.943606,101.877749,2.943731,101.877724,348.7046063527066,353,4.295393647293395,14.1492,24.1284
1/4/24,01:44:19,2.943606,101.877749,2.943731,101.877724,348.7046063527066,353,4.295393647293395,14.1492,24.1284
1/4/24,01:44:19,2.943606,101.877749,2.943731,101.877724,348.7046063527066,352,3.2953936472933947,24.8406,24.857100000000003
1/4/24,01:44:19,2.943606,101.877749,2.943731,101.877724,348.7046063527066,352,3.2953936472933947,24.8406,24.857100000000003
1/4/24,01:44:19,2.943606,101.877749,2.943731,101.877724,348.7046063527066,352,3.2953936472933947,24.8406,24.857100000000003
1/4/24,01:44:20,2.943611,101.877748,2.943731,101.877724,348.70460639934475,352,3.2953936006552453,24.8406,24.857100000000003
1/4/24,01:44:20,2.943611,101.877748,2.943731,101.877724,348.70460639934475,351,2.2953936006552453,24.8406,24.857100000000003
1/4/24,01:44:20,2.943611,101.877748,2.943731,101.877724,348.70460639934475,352,3.2953936006552453,24.8406,24.857100000000003
1/4/24,01:44:20,2.943611,101.877748,2.943731,101.877724,348.70460639934475,353,4.295393600655245,14.1492,24.1284
1/4/24,01:44:20,2.943611,101.877748,2.943731,101.877724,348.70460639934475,352,3.2953936006552453,24.8406,24.857100000000003
1/4/24,01:44:20,2.943611,101.877748,2.943731,101.877724,348.70460639934475,353,4.295393600655245,14.1492,24.1284
1/4/24,01:44:20,2.943611,101.877748,2.943731,101.877724,348.70460639934475,353,4.295393600655245,14.1492,24.1284
1/4/24,01:44:20,2.943611,101.877748,2.943731,101.877724,348.70460639934475,352,3.2953936006552453,24.8406,24.857100000000003
1/4/24,01:44:20,2.943611,101.877748,2.943731,101.877724,348.70460639934475,352,3.2953936006552453,24.8406,24.857100000000003
1/4/24,01:44:20,2.943611,101.877748,2.943731,101.877724,348.70460639934475,352,3.2953936006552453,24.8406,24.857100000000003
1/4/24,01:44:20,2.943611,101.877748,2.943731,101.877724,348.70460639934475,352,3.2953936006552453,24.8406,24.857100000000003
1/4/24,01:44:20,2.943611,101.877748,2.943731,101.877724,348.70460639934475,352,3.2953936006552453,24.8406,24.857100000000003
1/4/24,01:44:20,2.943611,101.877748,2.943731,101.877724,348.70460639934475,352,3.2953936006552453,24.8406,24.857100000000003
1/4/24,01:44:21,2.943615,101.877747,2.943731,101.877724,348.7995084069987,353,4.2004915930012885,14.1492,24.1284
1/4/24,01:44:21,2.943615,101.877747,2.943731,101.877724,348.7995084069987,352,3.2004915930012885,24.8406,24.857100000000003
1/4/24,01:44:21,2.943615,101.877747,2.943731,101.877724,348.7995084069987,352,3.2004915930012885,24.8406,24.857100000000003
1/4/24,01:44:21,2.943615,101.877747,2.943731,101.877724,348.7995084069987,352,3.2004915930012885,24.8406,24.857100000000003
1/4/24,01:44:21,2.943615,101.877747,2.943731,101.877724,348.7995084069987,353,4.2004915930012885,14.1492,24.1284
1/4/24,01:44:21,2.943615,101.877747,2.943731,101.877724,348.7995084069987,353,4.2004915930012885,14.1492,24.1284
1/4/24,01:44:21,2.943615,101.877747,2.943731,101.877724,348.7995084069987,352,3.2004915930012885,24.8406,24.857100000000003
1/4/24,01:44:21,2.943615,101.877747,2.943731,101.877724,348.7995084069987,352,3.2004915930012885,24.8406,24.857100000000003
1/4/24,01:44:21,2.943615,101.877747,2.943731,101.877724,348.7995084069987,353,4.2004915930012885,14.1492,24.1284
1/4/24,01:44:21,2.943615,101.877747,2.943731,101.877724,348.7995084069987,353,4.2004915930012885,14.1492,24.1284
1/4/24,01:44:21,2.943615,101.877747,2.943731,101.877724,348.7995084069987,353,4.2004915930012885,14.1492,24.1284
1/4/24,01:44:21,2.943615,101.877747,2.943731,101.877724,348.7995084069987,352,3.2004915930012885,24.8406,24.857100000000003
1/4/24,01:44:21,2.943615,101.877747,2.943731,101.877724,348.7995084069987,352,3.2004915930012885,24.8406,24.857100000000003
1/4/24,01:44:22,2.94362,101.877745,2.943731,101.877724,349.30068584815547,352,2.6993141518445327,24.8406,24.857100000000003
1/4/24,01:44:22,2.94362,101.877745,2.943731,101.877724,349.30068584815547,352,2.6993141518445327,24.8406,24.857100000000003
1/4/24,01:44:22,2.94362,101.877745,2.943731,101.877724,349.30068584815547,352,2.6993141518445327,24.8406,24.857100000000003
1/4/24,01:44:22,2.94362,101.877745,2.943731,101.877724,349.30068584815547,352,2.6993141518445327,24.8406,24.857100000000003
1/4/24,01:44:22,2.94362,101.877745,2.943731,101.877724,349.30068584815547,352,2.6993141518445327,24.8406,24.857100000000003
1/4/24,01:44:22,2.94362,101.877745,2.943731,101.877724,349.30068584815547,353,3.6993141518445327,14.1492,24.1284
1/4/24,01:44:22,2.94362,101.877745,2.943731,101.877724,349.30068584815547,353,3.6993141518445327,14.1492,24.1284
1/4/24,01:44:22,2.94362,101.877745,2.943731,101.877724,349.30068584815547,353,3.6993141518445327,14.1492,24.1284
1/4/24,01:44:22,2.94362,101.877745,2.943731,101.877724,349.30068584815547,352,2.6993141518445327,24.8406,24.857100000000003
1/4/24,01:44:22,2.94362,101.877745,2.943731,101.877724,349.30068584815547,352,2.6993141518445327,24.8406,24.857100000000003
1/4/24,01:44:22,2.94362,101.877745,2.943731,101.877724,349.30068584815547,352,2.6993141518445327,24.8406,24.857100000000003
1/4/24,01:44:22,2.94362,101.877745,2.943731,101.877724,349.30068584815547,352,2.6993141518445327,24.8406,24.857100000000003
1/4/24,01:44:22,2.94362,101.877745,2.943731,101.877724,349.30068584815547,353,3.6993141518445327,14.1492,24.1284
1/4/24,01:44:23,2.943626,101.877743,2.943731,101.877724,349.7564268283924,352,2.2435731716075793,24.8406,24.857100000000003
1/4/24,01:44:23,2.943626,101.877743,2.943731,101.877724,349.7564268283924,352,2.2435731716075793,24.8406,24.857100000000003
1/4/24,01:44:23,2.943626,101.877743,2.943731,101.877724,349.7564268283924,353,3.2435731716075793,24.8406,24.857100000000003
1/4/24,01:44:23,2.943626,101.877743,2.943731,101.877724,349.7564268283924,351,1.2435731716075793,24.8406,24.857100000000003
1/4/24,01:44:23,2.943626,101.877743,2.943731,101.877724,349.7564268283924,352,2.2435731716075793,24.8406,24.857100000000003
1/4/24,01:44:23,2.943626,101.877743,2.943731,101.877724,349.7564268283924,352,2.2435731716075793,24.8406,24.857100000000003
1/4/24,01:44:23,2.943626,101.877743,2.943731,101.877724,349.7564268283924,352,2.2435731716075793,24.8406,24.857100000000003
1/4/24,01:44:23,2.943626,101.877743,2.943731,101.877724,349.7564268283924,352,2.2435731716075793,24.8406,24.857100000000003
1/4/24,01:44:23,2.943626,101.877743,2.943731,101.877724,349.7564268283924,352,2.2435731716075793,24.8406,24.857100000000003
1/4/24,01:44:23,2.943626,101.877743,2.943731,101.877724,349.7564268283924,352,2.2435731716075793,24.8406,24.857100000000003
1/4/24,01:44:23,2.943626,101.877743,2.943731,101.877724,349.7564268283924,352,2.2435731716075793,24.8406,24.857100000000003
1/4/24,01:44:23,2.943626,101.877743,2.943731,101.877724,349.7564268283924,352,2.2435731716075793,24.8406,24.857100000000003
1/4/24,01:44:23,2.943626,101.877743,2.943731,101.877724,349.7564268283924,352,2.2435731716075793,24.8406,24.857100000000003
1/4/24,01:44:24,2.943631,101.877742,2.943731,101.877724,349.8092076523063,353,3.190792347693673,24.8406,24.857100000000003
1/4/24,01:44:24,2.943631,101.877742,2.943731,101.877724,349.8092076523063,352,2.190792347693673,24.8406,24.857100000000003
1/4/24,01:44:24,2.943631,101.877742,2.943731,101.877724,349.8092076523063,352,2.190792347693673,24.8406,24.857100000000003
1/4/24,01:44:24,2.943631,101.877742,2.943731,101.877724,349.8092076523063,353,3.190792347693673,24.8406,24.857100000000003
1/4/24,01:44:24,2.943631,101.877742,2.943731,101.877724,349.8092076523063,352,2.190792347693673,24.8406,24.857100000000003
1/4/24,01:44:24,2.943631,101.877742,2.943731,101.877724,349.8092076523063,352,2.190792347693673,24.8406,24.857100000000003
1/4/24,01:44:24,2.943631,101.877742,2.943731,101.877724,349.8092076523063,352,2.190792347693673,24.8406,24.857100000000003
1/4/24,01:44:24,2.943631,101.877742,2.943731,101.877724,349.8092076523063,353,3.190792347693673,24.8406,24.857100000000003
1/4/24,01:44:24,2.943631,101.877742,2.943731,101.877724,349.8092076523063,353,3.190792347693673,24.8406,24.857100000000003
1/4/24,01:44:24,2.943631,101.877742,2.943731,101.877724,349.8092076523063,353,3.190792347693673,24.8406,24.857100000000003
1/4/24,01:44:24,2.943631,101.877742,2.943731,101.877724,349.8092076523063,353,3.190792347693673,24.8406,24.857100000000003
1/4/24,01:44:24,2.943631,101.877742,2.943731,101.877724,349.8092076523063,353,3.190792347693673,24.8406,24.857100000000003
1/4/24,01:44:24,2.943631,101.877742,2.943731,101.877724,349.8092076523063,353,3.190792347693673,24.8406,24.857100000000003
1/4/24,01:44:25,2.943636,101.87774,2.943731,101.877724,350.45228533318846,353,2.547714666811544,24.8406,24.857100000000003
1/4/24,01:44:25,2.943636,101.87774,2.943731,101.877724,350.45228533318846,353,2.547714666811544,24.8406,24.857100000000003
1/4/24,01:44:25,2.943636,101.87774,2.943731,101.877724,350.45228533318846,352,1.5477146668115438,24.8406,24.857100000000003
1/4/24,01:44:25,2.943636,101.87774,2.943731,101.877724,350.45228533318846,353,2.547714666811544,24.8406,24.857100000000003
1/4/24,01:44:25,2.943636,101.87774,2.943731,101.877724,350.45228533318846,353,2.547714666811544,24.8406,24.857100000000003
1/4/24,01:44:25,2.943636,101.87774,2.943731,101.877724,350.45228533318846,353,2.547714666811544,24.8406,24.857100000000003
1/4/24,01:44:25,2.943636,101.87774,2.943731,101.877724,350.45228533318846,353,2.547714666811544,24.8406,24.857100000000003
1/4/24,01:44:25,2.943636,101.87774,2.943731,101.877724,350.45228533318846,354,3.547714666811544,24.8406,24.857100000000003
1/4/24,01:44:25,2.943636,101.87774,2.943731,101.877724,350.45228533318846,353,2.547714666811544,24.8406,24.857100000000003
1/4/24,01:44:25,2.943636,101.87774,2.943731,101.877724,350.45228533318846,354,3.547714666811544,24.8406,24.857100000000003
1/4/24,01:44:25,2.943636,101.87774,2.943731,101.877724,350.45228533318846,354,3.547714666811544,24.8406,24.857100000000003
1/4/24,01:44:25,2.943636,101.87774,2.943731,101.877724,350.45228533318846,354,3.547714666811544,24.8406,24.857100000000003
1/4/24,01:44:25,2.943636,101.87774,2.943731,101.877724,350.45228533318846,354,3.547714666811544,24.8406,24.857100000000003
1/4/24,01:44:26,2.94364,101.877739,2.943731,101.877724,350.6519415050037,354,3.3480584949962804,24.8406,24.857100000000003
1/4/24,01:44:26,2.94364,101.877739,2.943731,101.877724,350.6519415050037,354,3.3480584949962804,24.8406,24.857100000000003
1/4/24,01:44:26,2.94364,101.877739,2.943731,101.877724,350.6519415050037,354,3.3480584949962804,24.8406,24.857100000000003
1/4/24,01:44:26,2.94364,101.877739,2.943731,101.877724,350.6519415050037,354,3.3480584949962804,24.8406,24.857100000000003
1/4/24,01:44:26,2.94364,101.877739,2.943731,101.877724,350.6519415050037,354,3.3480584949962804,24.8406,24.857100000000003
1/4/24,01:44:26,2.94364,101.877739,2.943731,101.877724,350.6519415050037,354,3.3480584949962804,24.8406,24.857100000000003
1/4/24,01:44:26,2.94364,101.877739,2.943731,101.877724,350.6519415050037,354,3.3480584949962804,24.8406,24.857100000000003
1/4/24,01:44:26,2.94364,101.877739,2.943731,101.877724,350.6519415050037,354,3.3480584949962804,24.8406,24.857100000000003
1/4/24,01:44:26,2.94364,101.877739,2.943731,101.877724,350.6519415050037,353,2.3480584949962804,24.8406,24.857100000000003
1/4/24,01:44:26,2.94364,101.877739,2.943731,101.877724,350.6519415050037,354,3.3480584949962804,24.8406,24.857100000000003
1/4/24,01:44:26,2.94364,101.877739,2.943731,101.877724,350.6519415050037,355,4.34805849499628,14.1492,24.1284
1/4/24,01:44:26,2.94364,101.877739,2.943731,101.877724,350.6519415050037,354,3.3480584949962804,24.8406,24.857100000000003
1/4/24,01:44:26,2.94364,101.877739,2.943731,101.877724,350.6519415050037,355,4.34805849499628,14.1492,24.1284
1/4/24,01:44:27,2.943646,101.877738,2.943731,101.877724,350.6591440962983,354,3.3408559037017085,24.8406,24.857100000000003
1/4/24,01:44:27,2.943646,101.877738,2.943731,101.877724,350.6591440962983,355,4.3408559037017085,14.1492,24.1284
1/4/24,01:44:27,2.943646,101.877738,2.943731,101.877724,350.6591440962983,354,3.3408559037017085,24.8406,24.857100000000003
1/4/24,01:44:27,2.943646,101.877738,2.943731,101.877724,350.6591440962983,355,4.3408559037017085,14.1492,24.1284
1/4/24,01:44:27,2.943646,101.877738,2.943731,101.877724,350.6591440962983,354,3.3408559037017085,24.8406,24.857100000000003
1/4/24,01:44:27,2.943646,101.877738,2.943731,101.877724,350.6591440962983,353,2.3408559037017085,24.8406,24.857100000000003
1/4/24,01:44:27,2.943646,101.877738,2.943731,101.877724,350.6591440962983,354,3.3408559037017085,24.8406,24.857100000000003
1/4/24,01:44:27,2.943646,101.877738,2.943731,101.877724,350.6591440962983,354,3.3408559037017085,24.8406,24.857100000000003
1/4/24,01:44:27,2.943646,101.877738,2.943731,101.877724,350.6591440962983,354,3.3408559037017085,24.8406,24.857100000000003
1/4/24,01:44:27,2.943646,101.877738,2.943731,101.877724,350.6591440962983,354,3.3408559037017085,24.8406,24.857100000000003
1/4/24,01:44:27,2.943646,101.877738,2.943731,101.877724,350.6591440962983,354,3.3408559037017085,24.8406,24.857100000000003
1/4/24,01:44:27,2.943646,101.877738,2.943731,101.877724,350.6591440962983,354,3.3408559037017085,24.8406,24.857100000000003
1/4/24,01:44:27,2.943646,101.877738,2.943731,101.877724,350.6591440962983,354,3.3408559037017085,24.8406,24.857100000000003
1/4/24,01:44:28,2.943651,101.877736,2.943731,101.877724,351.48032524069157,353,1.5196747593084297,24.8406,24.857100000000003
1/4/24,01:44:28,2.943651,101.877736,2.943731,101.877724,351.48032524069157,353,1.5196747593084297,24.8406,24.857100000000003
1/4/24,01:44:28,2.943651,101.877736,2.943731,101.877724,351.48032524069157,353,1.5196747593084297,24.8406,24.857100000000003
1/4/24,01:44:28,2.943651,101.877736,2.943731,101.877724,351.48032524069157,353,1.5196747593084297,24.8406,24.857100000000003
1/4/24,01:44:28,2.943651,101.877736,2.943731,101.877724,351.48032524069157,353,1.5196747593084297,24.8406,24.857100000000003
1/4/24,01:44:28,2.943651,101.877736,2.943731,101.877724,351.48032524069157,352,0.5196747593084297,24.8406,24.857100000000003
1/4/24,01:44:28,2.943651,101.877736,2.943731,101.877724,351.48032524069157,352,0.5196747593084297,24.8406,24.857100000000003
1/4/24,01:44:28,2.943651,101.877736,2.943731,101.877724,351.48032524069157,352,0.5196747593084297,24.8406,24.857100000000003
1/4/24,01:44:28,2.943651,101.877736,2.943731,101.877724,351.48032524069157,351,-0.48032524069157034,25.1052,25.1052
1/4/24,01:44:28,2.943651,101.877736,2.943731,101.877724,351.48032524069157,351,-0.48032524069157034,25.1052,25.1052
1/4/24,01:44:28,2.943651,101.877736,2.943731,101.877724,351.48032524069157,351,-0.48032524069157034,25.1052,25.1052
1/4/24,01:44:28,2.943651,101.877736,2.943731,101.877724,351.48032524069157,350,-1.4803252406915703,25.1052,25.1052
1/4/24,01:44:28,2.943651,101.877736,2.943731,101.877724,351.48032524069157,351,-0.48032524069157034,25.1052,25.1052
1/4/24,01:44:29,2.943656,101.877735,2.943731,101.877724,351.6669633284705,349,-2.6669633284705014,25.1052,25.1052
1/4/24,01:44:29,2.943656,101.877735,2.943731,101.877724,351.6669633284705,349,-2.6669633284705014,25.1052,25.1052
1/4/24,01:44:29,2.943656,101.877735,2.943731,101.877724,351.6669633284705,348,-3.6669633284705014,24.857100000000003,24.8406
1/4/24,01:44:29,2.943656,101.877735,2.943731,101.877724,351.6669633284705,348,-3.6669633284705014,24.857100000000003,24.8406
1/4/24,01:44:29,2.943656,101.877735,2.943731,101.877724,351.6669633284705,348,-3.6669633284705014,24.857100000000003,24.8406
1/4/24,01:44:29,2.943656,101.877735,2.943731,101.877724,351.6669633284705,347,-4.666963328470501,24.857100000000003,24.8406
1/4/24,01:44:29,2.943656,101.877735,2.943731,101.877724,351.6669633284705,348,-3.6669633284705014,24.857100000000003,24.8406
1/4/24,01:44:29,2.943656,101.877735,2.943731,101.877724,351.6669633284705,347,-4.666963328470501,24.857100000000003,24.8406
1/4/24,01:44:29,2.943656,101.877735,2.943731,101.877724,351.6669633284705,347,-4.666963328470501,24.857100000000003,24.8406
1/4/24,01:44:29,2.943656,101.877735,2.943731,101.877724,351.6669633284705,345,-6.666963328470501,24.857100000000003,24.8406
1/4/24,01:44:29,2.943656,101.877735,2.943731,101.877724,351.6669633284705,346,-5.666963328470501,24.857100000000003,24.8406
1/4/24,01:44:29,2.943656,101.877735,2.943731,101.877724,351.6669633284705,345,-6.666963328470501,24.857100000000003,24.8406
1/4/24,01:44:29,2.943656,101.877735,2.943731,101.877724,351.6669633284705,345,-6.666963328470501,24.857100000000003,24.8406
1/4/24,01:44:30,2.94366,101.877733,2.943731,101.877724,352.7851161672117,343,-9.785116167211697,24.1284,14.1492
1/4/24,01:44:30,2.94366,101.877733,2.943731,101.877724,352.7851161672117,343,-9.785116167211697,24.1284,14.1492
1/4/24,01:44:30,2.94366,101.877733,2.943731,101.877724,352.7851161672117,344,-8.785116167211697,24.1284,14.1492
1/4/24,01:44:30,2.94366,101.877733,2.943731,101.877724,352.7851161672117,343,-9.785116167211697,24.1284,14.1492
1/4/24,01:44:30,2.94366,101.877733,2.943731,101.877724,352.7851161672117,343,-9.785116167211697,24.1284,14.1492
1/4/24,01:44:30,2.94366,101.877733,2.943731,101.877724,352.7851161672117,342,-10.785116167211697,24.1284,14.1492
1/4/24,01:44:30,2.94366,101.877733,2.943731,101.877724,352.7851161672117,342,-10.785116167211697,24.1284,14.1492
1/4/24,01:44:30,2.94366,101.877733,2.943731,101.877724,352.7851161672117,343,-9.785116167211697,24.1284,14.1492
1/4/24,01:44:30,2.94366,101.877733,2.943731,101.877724,352.7851161672117,342,-10.785116167211697,24.1284,14.1492
1/4/24,01:44:30,2.94366,101.877733,2.943731,101.877724,352.7851161672117,342,-10.785116167211697,24.1284,14.1492
1/4/24,01:44:30,2.94366,101.877733,2.943731,101.877724,352.7851161672117,342,-10.785116167211697,24.1284,14.1492
1/4/24,01:44:30,2.94366,101.877733,2.943731,101.877724,352.7851161672117,342,-10.785116167211697,24.1284,14.1492
1/4/24,01:44:30,2.94366,101.877733,2.943731,101.877724,352.7851161672117,342,-10.785116167211697,24.1284,14.1492
1/4/24,01:44:31,2.943663,101.877731,2.943731,101.877724,354.13030836603684,342,-12.130308366036843,25.186500000000002,9.8961
1/4/24,01:44:31,2.943663,101.877731,2.943731,101.877724,354.13030836603684,342,-12.130308366036843,25.186500000000002,9.8961
1/4/24,01:44:31,2.943663,101.877731,2.943731,101.877724,354.13030836603684,342,-12.130308366036843,25.186500000000002,9.8961
1/4/24,01:44:31,2.943663,101.877731,2.943731,101.877724,354.13030836603684,341,-13.130308366036843,25.186500000000002,9.8961
1/4/24,01:44:31,2.943663,101.877731,2.943731,101.877724,354.13030836603684,342,-12.130308366036843,25.186500000000002,9.8961
1/4/24,01:44:31,2.943663,101.877731,2.943731,101.877724,354.13030836603684,342,-12.130308366036843,25.186500000000002,9.8961
1/4/24,01:44:31,2.943663,101.877731,2.943731,101.877724,354.13030836603684,342,-12.130308366036843,25.186500000000002,9.8961
1/4/24,01:44:31,2.943663,101.877731,2.943731,101.877724,354.13030836603684,342,-12.130308366036843,25.186500000000002,9.8961
1/4/24,01:44:31,2.943663,101.877731,2.943731,101.877724,354.13030836603684,342,-12.130308366036843,25.186500000000002,9.8961
1/4/24,01:44:31,2.943663,101.877731,2.943731,101.877724,354.13030836603684,343,-11.130308366036843,25.186500000000002,9.8961
1/4/24,01:44:31,2.943663,101.877731,2.943731,101.877724,354.13030836603684,343,-11.130308366036843,25.186500000000002,9.8961
1/4/24,01:44:31,2.943663,101.877731,2.943731,101.877724,354.13030836603684,343,-11.130308366036843,25.186500000000002,9.8961
1/4/24,01:44:31,2.943663,101.877731,2.943731,101.877724,354.13030836603684,344,-10.130308366036843,24.1284,14.1492
1/4/24,01:44:32,2.943667,101.877729,2.943731,101.877724,355.5387115097183,343,-12.538711509718325,25.186500000000002,9.8961
1/4/24,01:44:32,2.943667,101.877729,2.943731,101.877724,355.5387115097183,344,-11.538711509718325,25.186500000000002,9.8961
1/4/24,01:44:32,2.943667,101.877729,2.943731,101.877724,355.5387115097183,344,-11.538711509718325,25.186500000000002,9.8961
1/4/24,01:44:32,2.943667,101.877729,2.943731,101.877724,355.5387115097183,344,-11.538711509718325,25.186500000000002,9.8961
1/4/24,01:44:32,2.943667,101.877729,2.943731,101.877724,355.5387115097183,346,-9.538711509718325,24.1284,14.1492
1/4/24,01:44:32,2.943667,101.877729,2.943731,101.877724,355.5387115097183,345,-10.538711509718325,24.1284,14.1492
1/4/24,01:44:32,2.943667,101.877729,2.943731,101.877724,355.5387115097183,345,-10.538711509718325,24.1284,14.1492
1/4/24,01:44:32,2.943667,101.877729,2.943731,101.877724,355.5387115097183,345,-10.538711509718325,24.1284,14.1492
1/4/24,01:44:32,2.943667,101.877729,2.943731,101.877724,355.5387115097183,345,-10.538711509718325,24.1284,14.1492
1/4/24,01:44:32,2.943667,101.877729,2.943731,101.877724,355.5387115097183,345,-10.538711509718325,24.1284,14.1492
1/4/24,01:44:32,2.943667,101.877729,2.943731,101.877724,355.5387115097183,345,-10.538711509718325,24.1284,14.1492
1/4/24,01:44:32,2.943667,101.877729,2.943731,101.877724,355.5387115097183,345,-10.538711509718325,24.1284,14.1492
1/4/24,01:44:32,2.943667,101.877729,2.943731,101.877724,355.5387115097183,345,-10.538711509718325,24.1284,14.1492
1/4/24,01:44:33,2.943671,101.877727,2.943731,101.877724,357.1413654471089,345,-12.14136544710891,25.186500000000002,9.8961
1/4/24,01:44:33,2.943671,101.877727,2.943731,101.877724,357.1413654471089,346,-11.14136544710891,25.186500000000002,9.8961
1/4/24,01:44:33,2.943671,101.877727,2.943731,101.877724,357.1413654471089,346,-11.14136544710891,25.186500000000002,9.8961
1/4/24,01:44:33,2.943671,101.877727,2.943731,101.877724,357.1413654471089,345,-12.14136544710891,25.186500000000002,9.8961
1/4/24,01:44:33,2.943671,101.877727,2.943731,101.877724,357.1413654471089,345,-12.14136544710891,25.186500000000002,9.8961
1/4/24,01:44:33,2.943671,101.877727,2.943731,101.877724,357.1413654471089,346,-11.14136544710891,25.186500000000002,9.8961
1/4/24,01:44:33,2.943671,101.877727,2.943731,101.877724,357.1413654471089,346,-11.14136544710891,25.186500000000002,9.8961
1/4/24,01:44:33,2.943671,101.877727,2.943731,101.877724,357.1413654471089,346,-11.14136544710891,25.186500000000002,9.8961
1/4/24,01:44:33,2.943671,101.877727,2.943731,101.877724,357.1413654471089,346,-11.14136544710891,25.186500000000002,9.8961
1/4/24,01:44:33,2.943671,101.877727,2.943731,101.877724,357.1413654471089,346,-11.14136544710891,25.186500000000002,9.8961
1/4/24,01:44:33,2.943671,101.877727,2.943731,101.877724,357.1413654471089,347,-10.14136544710891,24.1284,14.1492
1/4/24,01:44:33,2.943671,101.877727,2.943731,101.877724,357.1413654471089,347,-10.14136544710891,24.1284,14.1492
1/4/24,01:44:33,2.943671,101.877727,2.943731,101.877724,357.1413654471089,346,-11.14136544710891,25.186500000000002,9.8961
1/4/24,01:44:34,2.943675,101.877725,2.943731,101.877724,358.97831942084235,347,-11.978319420842354,25.186500000000002,9.8961
1/4/24,01:44:34,2.943675,101.877725,2.943731,101.877724,358.97831942084235,347,-11.978319420842354,25.186500000000002,9.8961
1/4/24,01:44:34,2.943675,101.877725,2.943731,101.877724,358.97831942084235,346,-12.978319420842354,25.186500000000002,9.8961
1/4/24,01:44:34,2.943675,101.877725,2.943731,101.877724,358.97831942084235,347,-11.978319420842354,25.186500000000002,9.8961
1/4/24,01:44:34,2.943675,101.877725,2.943731,101.877724,358.97831942084235,347,-11.978319420842354,25.186500000000002,9.8961
1/4/24,01:44:34,2.943675,101.877725,2.943731,101.877724,358.97831942084235,348,-10.978319420842354,25.186500000000002,9.8961
1/4/24,01:44:34,2.943675,101.877725,2.943731,101.877724,358.97831942084235,347,-11.978319420842354,25.186500000000002,9.8961
1/4/24,01:44:34,2.943675,101.877725,2.943731,101.877724,358.97831942084235,347,-11.978319420842354,25.186500000000002,9.8961
1/4/24,01:44:34,2.943675,101.877725,2.943731,101.877724,358.97831942084235,348,-10.978319420842354,25.186500000000002,9.8961
1/4/24,01:44:34,2.943675,101.877725,2.943731,101.877724,358.97831942084235,348,-10.978319420842354,25.186500000000002,9.8961
1/4/24,01:44:34,2.943675,101.877725,2.943731,101.877724,358.97831942084235,347,-11.978319420842354,25.186500000000002,9.8961
1/4/24,01:44:34,2.943675,101.877725,2.943731,101.877724,358.97831942084235,349,-9.978319420842354,24.1284,14.1492
1/4/24,01:44:34,2.943675,101.877725,2.943731,101.877724,358.97831942084235,348,-10.978319420842354,25.186500000000002,9.8961
1/4/24,01:44:35,2.943678,101.877723,2.943731,101.877724,1.0794982478291217,349,-12.079498247829122,25.186500000000002,9.8961
1/4/24,01:44:35,2.943678,101.877723,2.943731,101.877724,1.0794982478291217,350,-11.079498247829122,25.186500000000002,9.8961
1/4/24,01:44:35,2.943678,101.877723,2.943731,101.877724,1.0794982478291217,349,-12.079498247829122,25.186500000000002,9.8961
1/4/24,01:44:35,2.943678,101.877723,2.943731,101.877724,1.0794982478291217,349,-12.079498247829122,25.186500000000002,9.8961
1/4/24,01:44:35,2.943678,101.877723,2.943731,101.877724,1.0794982478291217,349,-12.079498247829122,25.186500000000002,9.8961
1/4/24,01:44:35,2.943678,101.877723,2.943731,101.877724,1.0794982478291217,349,-12.079498247829122,25.186500000000002,9.8961
1/4/24,01:44:35,2.943678,101.877723,2.943731,101.877724,1.0794982478291217,349,-12.079498247829122,25.186500000000002,9.8961
1/4/24,01:44:35,2.943678,101.877723,2.943731,101.877724,1.0794982478291217,349,-12.079498247829122,25.186500000000002,9.8961
1/4/24,01:44:35,2.943678,101.877723,2.943731,101.877724,1.0794982478291217,350,-11.079498247829122,25.186500000000002,9.8961
1/4/24,01:44:35,2.943678,101.877723,2.943731,101.877724,1.0794982478291217,350,-11.079498247829122,25.186500000000002,9.8961
1/4/24,01:44:35,2.943678,101.877723,2.943731,101.877724,1.0794982478291217,351,-10.079498247829122,24.1284,14.1492
1/4/24,01:44:35,2.943678,101.877723,2.943731,101.877724,1.0794982478291217,350,-11.079498247829122,25.186500000000002,9.8961
1/4/24,01:44:35,2.943678,101.877723,2.943731,101.877724,1.0794982478291217,351,-10.079498247829122,24.1284,14.1492
1/4/24,01:44:36,2.943682,101.877722,2.943731,101.877724,2.3342251808144283,353,-9.334225180814428,24.1284,14.1492
1/4/24,01:44:36,2.943682,101.877722,2.943731,101.877724,2.3342251808144283,354,-8.334225180814428,24.1284,14.1492
1/4/24,01:44:36,2.943682,101.877722,2.943731,101.877724,2.3342251808144283,354,-8.334225180814428,24.1284,14.1492
1/4/24,01:44:36,2.943682,101.877722,2.943731,101.877724,2.3342251808144283,354,-8.334225180814428,24.1284,14.1492
1/4/24,01:44:36,2.943682,101.877722,2.943731,101.877724,2.3342251808144283,354,-8.334225180814428,24.1284,14.1492
1/4/24,01:44:36,2.943682,101.877722,2.943731,101.877724,2.3342251808144283,355,-7.334225180814428,24.1284,14.1492
1/4/24,01:44:36,2.943682,101.877722,2.943731,101.877724,2.3342251808144283,355,-7.334225180814428,24.1284,14.1492
1/4/24,01:44:36,2.943682,101.877722,2.943731,101.877724,2.3342251808144283,356,-6.334225180814428,24.857100000000003,24.8406
1/4/24,01:44:36,2.943682,101.877722,2.943731,101.877724,2.3342251808144283,357,-5.334225180814428,24.857100000000003,24.8406
1/4/24,01:44:36,2.943682,101.877722,2.943731,101.877724,2.3342251808144283,357,-5.334225180814428,24.857100000000003,24.8406
1/4/24,01:44:36,2.943682,101.877722,2.943731,101.877724,2.3342251808144283,357,-5.334225180814428,24.857100000000003,24.8406
1/4/24,01:44:36,2.943682,101.877722,2.943731,101.877724,2.3342251808144283,356,-6.334225180814428,24.857100000000003,24.8406
1/4/24,01:44:36,2.943682,101.877722,2.943731,101.877724,2.3342251808144283,357,-5.334225180814428,24.857100000000003,24.8406
1/4/24,01:44:37,2.943686,101.877721,2.943731,101.877724,3.8090569709223985,358,-5.80905697092237,24.857100000000003,24.8406
1/4/24,01:44:37,2.943686,101.877721,2.943731,101.877724,3.8090569709223985,358,-5.80905697092237,24.857100000000003,24.8406
1/4/24,01:44:37,2.943686,101.877721,2.943731,101.877724,3.8090569709223985,357,-6.80905697092237,24.857100000000003,24.8406
1/4/24,01:44:37,2.943686,101.877721,2.943731,101.877724,3.8090569709223985,358,-5.80905697092237,24.857100000000003,24.8406
1/4/24,01:44:37,2.943686,101.877721,2.943731,101.877724,3.8090569709223985,359,-4.80905697092237,24.857100000000003,24.8406
1/4/24,01:44:37,2.943686,101.877721,2.943731,101.877724,3.8090569709223985,358,-5.80905697092237,24.857100000000003,24.8406
1/4/24,01:44:37,2.943686,101.877721,2.943731,101.877724,3.8090569709223985,358,-5.80905697092237,24.857100000000003,24.8406
1/4/24,01:44:37,2.943686,101.877721,2.943731,101.877724,3.8090569709223985,358,-5.80905697092237,24.857100000000003,24.8406
1/4/24,01:44:37,2.943686,101.877721,2.943731,101.877724,3.8090569709223985,358,-5.80905697092237,24.857100000000003,24.8406
1/4/24,01:44:37,2.943686,101.877721,2.943731,101.877724,3.8090569709223985,358,-5.80905697092237,24.857100000000003,24.8406
1/4/24,01:44:37,2.943686,101.877721,2.943731,101.877724,3.8090569709223985,358,-5.80905697092237,24.857100000000003,24.8406
1/4/24,01:44:37,2.943686,101.877721,2.943731,101.877724,3.8090569709223985,359,-4.80905697092237,24.857100000000003,24.8406
1/4/24,01:44:37,2.943686,101.877721,2.943731,101.877724,3.8090569709223985,358,-5.80905697092237,24.857100000000003,24.8406
1/4/24,01:44:38,2.943691,101.87772,2.943731,101.877724,5.703107647002241,359,-6.703107647002241,22.649700000000003,22.6419
1/4/24,01:44:38,2.943691,101.87772,2.943731,101.877724,5.703107647002241,359,-6.703107647002241,22.649700000000003,22.6419
1/4/24,01:44:38,2.943691,101.87772,2.943731,101.877724,5.703107647002241,359,-6.703107647002241,22.649700000000003,22.6419
1/4/24,01:44:38,2.943691,101.87772,2.943731,101.877724,5.703107647002241,359,-6.703107647002241,22.649700000000003,22.6419
1/4/24,01:44:38,2.943691,101.87772,2.943731,101.877724,5.703107647002241,359,-6.703107647002241,22.649700000000003,22.6419
1/4/24,01:44:38,2.943691,101.87772,2.943731,101.877724,5.703107647002241,359,-6.703107647002241,22.649700000000003,22.6419
1/4/24,01:44:38,2.943691,101.87772,2.943731,101.877724,5.703107647002241,358,-7.703107647002241,24.0978,14.1225
1/4/24,01:44:38,2.943691,101.87772,2.943731,101.877724,5.703107647002241,359,-6.703107647002241,22.649700000000003,22.6419
1/4/24,01:44:38,2.943691,101.87772,2.943731,101.877724,5.703107647002241,359,-6.703107647002241,22.649700000000003,22.6419
1/4/24,01:44:38,2.943691,101.87772,2.943731,101.877724,5.703107647002241,359,-6.703107647002241,22.649700000000003,22.6419
1/4/24,01:44:38,2.943691,101.87772,2.943731,101.877724,5.703107647002241,359,-6.703107647002241,22.649700000000003,22.6419
1/4/24,01:44:38,2.943691,101.87772,2.943731,101.877724,5.703107647002241,359,-6.703107647002241,22.649700000000003,22.6419
1/4/24,01:44:38,2.943691,101.87772,2.943731,101.877724,5.703107647002241,359,-6.703107647002241,22.649700000000003,22.6419
1/4/24,01:44:39,2.943697,101.87772,2.943731,101.877724,6.701063631651834,359,-7.701063631651834,21.7179,9.519
1/4/24,01:44:39,2.943697,101.87772,2.943731,101.877724,6.701063631651834,359,-7.701063631651834,21.7179,9.519
1/4/24,01:44:39,2.943697,101.87772,2.943731,101.877724,6.701063631651834,359,-7.701063631651834,21.7179,9.519
1/4/24,01:44:39,2.943697,101.87772,2.943731,101.877724,6.701063631651834,359,-7.701063631651834,21.7179,9.519
1/4/24,01:44:39,2.943697,101.87772,2.943731,101.877724,6.701063631651834,360,-6.701063631651834,19.8654,19.8411
1/4/24,01:44:39,2.943697,101.87772,2.943731,101.877724,6.701063631651834,360,-6.701063631651834,19.8654,19.8411
1/4/24,01:44:39,2.943697,101.87772,2.943731,101.877724,6.701063631651834,360,-6.701063631651834,19.8654,19.8411
1/4/24,01:44:39,2.943697,101.87772,2.943731,101.877724,6.701063631651834,359,-7.701063631651834,21.7179,9.519
1/4/24,01:44:39,2.943697,101.87772,2.943731,101.877724,6.701063631651834,360,-6.701063631651834,19.8654,19.8411
1/4/24,01:44:39,2.943697,101.87772,2.943731,101.877724,6.701063631651834,1,-5.701063631651834,19.8654,19.8411
1/4/24,01:44:39,2.943697,101.87772,2.943731,101.877724,6.701063631651834,1,-5.701063631651834,19.8654,19.8411
1/4/24,01:44:39,2.943697,101.87772,2.943731,101.877724,6.701063631651834,1,-5.701063631651834,19.8654,19.8411
1/4/24,01:44:39,2.943697,101.87772,2.943731,101.877724,6.701063631651834,1,-5.701063631651834,19.8654,19.8411
1/4/24,01:44:40,2.943702,101.877719,2.943731,101.877724,9.769747851691136,1,-8.769747851691136,21.6819,9.5187
1/4/24,01:44:40,2.943702,101.877719,2.943731,101.877724,9.769747851691136,1,-8.769747851691136,21.6819,9.5187
1/4/24,01:44:40,2.943702,101.877719,2.943731,101.877724,9.769747851691136,1,-8.769747851691136,21.6819,9.5187
1/4/24,01:44:40,2.943702,101.877719,2.943731,101.877724,9.769747851691136,1,-8.769747851691136,21.6819,9.5187
1/4/24,01:44:40,2.943702,101.877719,2.943731,101.877724,9.769747851691136,2,-7.769747851691136,21.6819,9.5187
1/4/24,01:44:40,2.943702,101.877719,2.943731,101.877724,9.769747851691136,2,-7.769747851691136,21.6819,9.5187
1/4/24,01:44:40,2.943702,101.877719,2.943731,101.877724,9.769747851691136,2,-7.769747851691136,21.6819,9.5187
1/4/24,01:44:40,2.943702,101.877719,2.943731,101.877724,9.769747851691136,2,-7.769747851691136,21.6819,9.5187
1/4/24,01:44:40,2.943702,101.877719,2.943731,101.877724,9.769747851691136,3,-6.769747851691136,17.552999999999997,17.5416
1/4/24,01:44:40,2.943702,101.877719,2.943731,101.877724,9.769747851691136,2,-7.769747851691136,21.6819,9.5187
1/4/24,01:44:40,2.943702,101.877719,2.943731,101.877724,9.769747851691136,3,-6.769747851691136,17.552999999999997,17.5416
1/4/24,01:44:40,2.943702,101.877719,2.943731,101.877724,9.769747851691136,4,-5.769747851691136,17.552999999999997,17.5416
1/4/24,01:44:40,2.943702,101.877719,2.943731,101.877724,9.769747851691136,3,-6.769747851691136,17.552999999999997,17.5416
1/4/24,01:44:41,2.943707,101.877719,2.943731,101.877724,11.753192615795285,4,-7.753192615795285,18.415200000000002,8.7624
1/4/24,01:44:41,2.943707,101.877719,2.943731,101.877724,11.753192615795285,5,-6.753192615795285,15.979800000000001,15.9711
1/4/24,01:44:41,2.943707,101.877719,2.943731,101.877724,11.753192615795285,5,-6.753192615795285,15.979800000000001,15.9711
1/4/24,01:44:41,2.943707,101.877719,2.943731,101.877724,11.753192615795285,5,-6.753192615795285,15.979800000000001,15.9711
1/4/24,01:44:41,2.943707,101.877719,2.943731,101.877724,11.753192615795285,5,-6.753192615795285,15.979800000000001,15.9711
1/4/24,01:44:41,2.943707,101.877719,2.943731,101.877724,11.753192615795285,5,-6.753192615795285,15.979800000000001,15.9711
1/4/24,01:44:41,2.943707,101.877719,2.943731,101.877724,11.753192615795285,5,-6.753192615795285,15.979800000000001,15.9711
1/4/24,01:44:41,2.943707,101.877719,2.943731,101.877724,11.753192615795285,5,-6.753192615795285,15.979800000000001,15.9711
1/4/24,01:44:41,2.943707,101.877719,2.943731,101.877724,11.753192615795285,5,-6.753192615795285,15.979800000000001,15.9711
1/4/24,01:44:41,2.943707,101.877719,2.943731,101.877724,11.753192615795285,5,-6.753192615795285,15.979800000000001,15.9711
1/4/24,01:44:41,2.943707,101.877719,2.943731,101.877724,11.753192615795285,5,-6.753192615795285,15.979800000000001,15.9711
1/4/24,01:44:41,2.943707,101.877719,2.943731,101.877724,11.753192615795285,6,-5.753192615795285,15.979800000000001,15.9711
1/4/24,01:44:41,2.943707,101.877719,2.943731,101.877724,11.753192615795285,6,-5.753192615795285,15.979800000000001,15.9711
1/4/24,01:44:42,2.943711,101.877719,2.943731,101.877724,14.01845304389522,5,-9.01845304389522,17.8398,8.5794
